Codon	AminoAcid	Count_AA_Egg	Count_nonAA_Egg	AlleleFreq_Egg	Count_AA_Other	Count_nonAA_Other	AlleleFreq_Other	Pvalue
1	N	0	1009	0	4	21690	0.000184	0.999999
1	D	1009	0	1	21687	7	0.999677	0.999999
1	E	0	1009	0	2	21692	9.2e-05	0.999999
1	Y	0	1009	0	1	21693	4.6e-05	0.999999
2	S	0	1009	0	1	21693	4.6e-05	0.999999
2	A	0	1009	0	3	21691	0.000138	0.999999
2	T	1009	0	1	21675	19	0.999124	0.701281
2	R	0	1009	0	2	21692	9.2e-05	0.999999
2	K	0	1009	0	7	21687	0.000323	0.999999
2	I	0	1009	0	6	21688	0.000277	0.999999
3	I	0	1009	0	6	21688	0.000277	0.999999
3	L	1009	0	1	21688	6	0.999723	0.999999
4	W	0	1009	0	4	21690	0.000184	0.999999
4	C	1009	0	1	21690	4	0.999816	0.999999
5	T	0	1009	0	3	21691	0.000138	0.999999
5	M	0	1009	0	3	21691	0.000138	0.999999
5	I	1009	0	1	21673	21	0.999032	0.646197
5	V	0	1009	0	15	21679	0.000691	0.834549
6	S	0	1009	0	4	21690	0.000184	0.999999
6	D	0	1009	0	1	21693	4.6e-05	0.999999
6	G	1009	0	1	21689	5	0.99977	0.999999
7	F	0	1009	0	2	21692	9.2e-05	0.999999
7	H	0	1009	0	9	21685	0.000415	0.999999
7	C	0	1009	0	1	21693	4.6e-05	0.999999
7	Y	1009	0	1	21682	12	0.999447	0.96276
8	H	1009	0	1	21692	2	0.999908	0.999999
8	R	0	1009	0	2	21692	9.2e-05	0.999999
9	S	0	1009	0	1	21693	4.6e-05	0.999999
9	A	1009	0	1	21677	17	0.999216	0.763521
9	T	0	1009	0	15	21679	0.000691	0.834549
9	V	0	1009	0	1	21693	4.6e-05	0.999999
10	S	0	1009	0	2	21692	9.2e-05	0.999999
10	T	0	1009	0	1	21693	4.6e-05	0.999999
10	D	0	1009	0	2	21692	9.2e-05	0.999999
10	N	1008	1	0.999009	21689	5	0.99977	0.643855
10	Y	1	1008	0.000991	0	21694	0	0.02706
11	S	0	1009	0	1	21693	4.6e-05	0.999999
11	D	0	1009	0	4	21690	0.000184	0.999999
11	N	1009	0	1	21688	6	0.999723	0.999999
11	Y	0	1009	0	1	21693	4.6e-05	0.999999
12	S	1009	0	1	21692	2	0.999908	0.999999
12	T	0	1009	0	1	21693	4.6e-05	0.999999
12	P	0	1009	0	1	21693	4.6e-05	0.999999
13	S	0	1009	0	3	21691	0.000138	0.999999
13	A	0	1009	0	1	21693	4.6e-05	0.999999
13	T	1009	0	1	21686	8	0.999631	0.999999
13	N	0	1009	0	1	21693	4.6e-05	0.999999
13	P	0	1009	0	1	21693	4.6e-05	0.999999
13	I	0	1009	0	2	21692	9.2e-05	0.999999
14	N	0	1009	0	10	21684	0.000461	0.999999
14	D	1007	2	0.998018	21664	30	0.998617	0.946746
14	G	2	1007	0.001982	3	21691	0.000138	0.00555
14	E	0	1009	0	17	21677	0.000784	0.763521
15	S	0	1009	0	45	21649	0.002074	0.277433
15	A	0	1009	0	3	21691	0.000138	0.999999
15	T	1009	0	1	21616	78	0.996405	0.102517
15	N	0	1009	0	7	21687	0.000323	0.999999
15	I	0	1009	0	23	21671	0.00106	0.597054
16	I	1	1008	0.000991	8	21686	0.000369	0.871465
16	V	1008	1	0.999009	21686	8	0.999631	0.871465
17	A	0	1009	0	1	21693	4.6e-05	0.999999
17	N	1	1008	0.000991	9	21685	0.000415	0.932035
17	D	1008	1	0.999009	21681	13	0.999401	0.999999
17	Y	0	1009	0	1	21693	4.6e-05	0.999999
17	E	0	1009	0	2	21692	9.2e-05	0.999999
18	T	1009	0	1	21693	1	0.999954	0.999999
18	P	0	1009	0	1	21693	4.6e-05	0.999999
19	I	3	1006	0.002973	169	21525	0.00779	0.123748
19	L	1	1008	0.000991	19	21675	0.000876	0.999999
19	V	1005	4	0.996036	21506	188	0.991334	0.156067
20	I	0	1009	0	1	21693	4.6e-05	0.999999
20	L	1009	0	1	21692	2	0.999908	0.999999
20	V	0	1009	0	1	21693	4.6e-05	0.999999
21	Q	0	1009	0	3	21691	0.000138	0.999999
21	K	4	1005	0.003964	8	21686	0.000369	3.2e-05
21	E	1005	4	0.996036	21683	11	0.999493	0.000383
22	M	0	1009	0	2	21692	9.2e-05	0.999999
22	N	1	1008	0.000991	0	21694	0	0.02706
22	R	3	1006	0.002973	59	21635	0.00272	0.999999
22	K	1005	4	0.996036	21632	62	0.997142	0.734606
22	E	0	1009	0	1	21693	4.6e-05	0.999999
23	D	0	1009	0	6	21688	0.000277	0.999999
23	N	1009	0	1	21683	11	0.999493	0.999999
23	K	0	1009	0	5	21689	0.00023	0.999999
24	A	0	1009	0	1	21693	4.6e-05	0.999999
24	I	0	1009	0	12	21682	0.000553	0.96276
24	L	0	1009	0	1	21693	4.6e-05	0.999999
24	V	1009	0	1	21680	14	0.999355	0.874031
25	T	1009	0	1	21692	2	0.999908	0.999999
25	P	0	1009	0	2	21692	9.2e-05	0.999999
26	A	0	1009	0	2	21692	9.2e-05	0.999999
26	I	0	1009	0	8	21686	0.000369	0.999999
26	G	0	1009	0	1	21693	4.6e-05	0.999999
26	L	0	1009	0	1	21693	4.6e-05	0.999999
26	V	1009	0	1	21682	12	0.999447	0.96276
27	T	1009	0	1	21694	0	1	NA
28	H	1009	0	1	21683	11	0.999493	0.999999
28	Q	0	1009	0	2	21692	9.2e-05	0.999999
28	N	0	1009	0	3	21691	0.000138	0.999999
28	R	0	1009	0	3	21691	0.000138	0.999999
28	Y	0	1009	0	3	21691	0.000138	0.999999
29	S	1009	0	1	21693	1	0.999954	0.999999
29	T	0	1009	0	1	21693	4.6e-05	0.999999
30	F	0	1009	0	2	21692	9.2e-05	0.999999
30	A	2	1007	0.001982	49	21645	0.002259	0.999999
30	I	0	1009	0	38	21656	0.001752	0.348949
30	V	1007	2	0.998018	21605	89	0.995897	0.431184
31	H	0	1009	0	1	21693	4.6e-05	0.999999
31	S	0	1009	0	1	21693	4.6e-05	0.999999
31	T	0	1009	0	1	21693	4.6e-05	0.999999
31	D	6	1003	0.005946	86	21608	0.003964	0.474366
31	N	1003	6	0.994054	21604	90	0.995851	0.54043
31	K	0	1009	0	1	21693	4.6e-05	0.999999
32	F	0	1009	0	2	21692	9.2e-05	0.999999
32	P	0	1009	0	2	21692	9.2e-05	0.999999
32	I	6	1003	0.005946	351	21343	0.01618	0.015324
32	L	1003	6	0.994054	21337	357	0.983544	0.013387
32	V	0	1009	0	2	21692	9.2e-05	0.999999
33	S	0	1009	0	1	21693	4.6e-05	0.999999
33	M	0	1009	0	3	21691	0.000138	0.999999
33	I	0	1009	0	3	21691	0.000138	0.999999
33	L	1009	0	1	21687	7	0.999677	0.999999
34	D	0	1009	0	2	21692	9.2e-05	0.999999
34	G	0	1009	0	2	21692	9.2e-05	0.999999
34	E	1009	0	1	21690	4	0.999816	0.999999
35	S	0	1009	0	1	21693	4.6e-05	0.999999
35	T	0	1009	0	1	21693	4.6e-05	0.999999
35	N	2	1007	0.001982	67	21627	0.003088	0.740268
35	D	1006	3	0.997027	21493	201	0.990735	0.057468
35	G	0	1009	0	103	21591	0.004748	0.050687
35	E	1	1008	0.000991	16	21678	0.000738	0.999999
35	Y	0	1009	0	12	21682	0.000553	0.96276
35	V	0	1009	0	1	21693	4.6e-05	0.999999
36	Q	0	1009	0	1	21693	4.6e-05	0.999999
36	M	5	1004	0.004955	54	21640	0.002489	0.234889
36	N	2	1007	0.001982	21	21673	0.000968	0.628603
36	I	0	1009	0	1	21693	4.6e-05	0.999999
36	R	2	1007	0.001982	12	21682	0.000553	0.254806
36	K	1000	9	0.99108	21585	109	0.994976	0.144802
36	E	0	1009	0	20	21674	0.000922	0.672928
37	H	1009	0	1	21666	28	0.998709	0.494554
37	Q	0	1009	0	1	21693	4.6e-05	0.999999
37	N	0	1009	0	10	21684	0.000461	0.999999
37	P	0	1009	0	15	21679	0.000691	0.834549
37	Y	0	1009	0	2	21692	9.2e-05	0.999999
38	S	0	1009	0	8	21686	0.000369	0.999999
38	T	0	1009	0	5	21689	0.00023	0.999999
38	D	3	1006	0.002973	115	21579	0.005301	0.434658
38	N	1006	3	0.997027	21562	132	0.993915	0.295025
38	K	0	1009	0	1	21693	4.6e-05	0.999999
38	I	0	1009	0	2	21692	9.2e-05	0.999999
38	E	0	1009	0	1	21693	4.6e-05	0.999999
39	W	0	1009	0	3	21691	0.000138	0.999999
39	R	1	1008	0.000991	38	21656	0.001752	0.856028
39	G	1006	3	0.997027	21591	103	0.995252	0.567248
39	E	2	1007	0.001982	61	21633	0.002812	0.854307
39	V	0	1009	0	1	21693	4.6e-05	0.999999
40	Q	0	1009	0	2	21692	9.2e-05	0.999999
40	N	0	1009	0	2	21692	9.2e-05	0.999999
40	R	0	1009	0	15	21679	0.000691	0.834549
40	K	1009	0	1	21673	21	0.999032	0.646197
40	E	0	1009	0	2	21692	9.2e-05	0.999999
41	I	1	1008	0.000991	2	21692	9.2e-05	0.304264
41	L	1008	1	0.999009	21692	2	0.999908	0.304264
42	C	1009	0	1	21693	1	0.999954	0.999999
42	G	0	1009	0	1	21693	4.6e-05	0.999999
43	Q	0	1009	0	5	21689	0.00023	0.999999
43	N	0	1009	0	4	21690	0.000184	0.999999
43	I	0	1009	0	1	21693	4.6e-05	0.999999
43	R	3	1006	0.002973	22	21672	0.001014	0.177436
43	K	1006	3	0.997027	21660	34	0.998433	0.49454
43	E	0	1009	0	2	21692	9.2e-05	0.999999
44	I	1	1008	0.000991	13	21681	0.000599	0.999999
44	L	1008	1	0.999009	21681	13	0.999401	0.999999
45	S	0	1009	0	2	21692	9.2e-05	0.999999
45	I	0	1009	0	4	21690	0.000184	0.999999
45	K	3	1006	0.002973	113	21581	0.005209	0.454601
45	R	1001	8	0.992071	21485	209	0.990366	0.704883
45	G	5	1004	0.004955	90	21604	0.004149	0.889741
46	R	0	1009	0	1	21693	4.6e-05	0.999999
46	G	1008	1	0.999009	21685	9	0.999585	0.932035
46	E	1	1008	0.000991	8	21686	0.000369	0.871465
47	A	0	1009	0	53	21641	0.002443	0.215632
47	M	0	1009	0	1	21693	4.6e-05	0.999999
47	I	1	1008	0.000991	94	21600	0.004333	0.174438
47	G	0	1009	0	2	21692	9.2e-05	0.999999
47	L	0	1009	0	3	21691	0.000138	0.999999
47	E	1	1008	0.000991	10	21684	0.000461	0.987013
47	V	1007	2	0.998018	21531	163	0.992486	0.066878
48	S	1	1008	0.000991	56	21638	0.002581	0.506078
48	A	998	11	0.989098	21291	403	0.981423	0.096776
48	T	5	1004	0.004955	41	21653	0.00189	0.078631
48	D	0	1009	0	3	21691	0.000138	0.999999
48	P	4	1005	0.003964	285	21409	0.013137	0.016526
48	G	0	1009	0	1	21693	4.6e-05	0.999999
48	V	1	1008	0.000991	17	21677	0.000784	0.999999
49	S	0	1009	0	2	21692	9.2e-05	0.999999
49	Q	0	1009	0	1	21693	4.6e-05	0.999999
49	P	1009	0	1	21691	3	0.999862	0.999999
50	F	0	1009	0	1	21693	4.6e-05	0.999999
50	M	0	1009	0	3	21691	0.000138	0.999999
50	L	1009	0	1	21690	4	0.999816	0.999999
51	H	1001	8	0.992071	21656	38	0.998248	9.3e-05
51	Q	0	1009	0	7	21687	0.000323	0.999999
51	D	0	1009	0	1	21693	4.6e-05	0.999999
51	N	5	1004	0.004955	27	21667	0.001245	0.00824
51	R	1	1008	0.000991	0	21694	0	0.02706
51	P	2	1007	0.001982	1	21693	4.6e-05	0.000128
51	Y	0	1009	0	2	21692	9.2e-05	0.999999
52	L	1009	0	1	21694	0	1	NA
53	S	0	1009	0	3	21691	0.000138	0.999999
53	D	0	1009	0	9	21685	0.000415	0.999999
53	G	1009	0	1	21682	12	0.999447	0.96276
54	N	0	1009	0	7	21687	0.000323	0.999999
54	I	0	1009	0	5	21689	0.00023	0.999999
54	R	2	1007	0.001982	21	21673	0.000968	0.628603
54	K	1006	3	0.997027	21634	60	0.997234	0.999999
54	E	1	1008	0.000991	27	21667	0.001245	0.999999
55	S	0	1009	0	1	21693	4.6e-05	0.999999
55	C	1009	0	1	21693	1	0.999954	0.999999
56	S	0	1009	0	36	21658	0.001659	0.3733
56	T	1	1008	0.000991	3	21691	0.000138	0.434288
56	D	0	1009	0	47	21647	0.002166	0.260262
56	N	1008	1	0.999009	21608	86	0.996036	0.217363
57	T	0	1009	0	5	21689	0.00023	0.999999
57	I	1009	0	1	21687	7	0.999677	0.999999
57	L	0	1009	0	1	21693	4.6e-05	0.999999
57	V	0	1009	0	1	21693	4.6e-05	0.999999
58	A	1009	0	1	21693	1	0.999954	0.999999
58	V	0	1009	0	1	21693	4.6e-05	0.999999
59	S	0	1009	0	2	21692	9.2e-05	0.999999
59	G	1009	0	1	21692	2	0.999908	0.999999
60	W	1009	0	1	21690	4	0.999816	0.999999
60	R	0	1009	0	3	21691	0.000138	0.999999
60	L	0	1009	0	1	21693	4.6e-05	0.999999
61	F	0	1009	0	1	21693	4.6e-05	0.999999
61	T	0	1009	0	2	21692	9.2e-05	0.999999
61	I	1009	0	1	21680	14	0.999355	0.874031
61	L	0	1009	0	5	21689	0.00023	0.999999
61	V	0	1009	0	6	21688	0.000277	0.999999
62	M	0	1009	0	1	21693	4.6e-05	0.999999
62	P	0	1009	0	1	21693	4.6e-05	0.999999
62	L	1009	0	1	21692	2	0.999908	0.999999
63	G	1009	0	1	21694	0	1	NA
64	S	1	1008	0.000991	2	21692	9.2e-05	0.304264
64	T	0	1009	0	1	21693	4.6e-05	0.999999
64	D	0	1009	0	4	21690	0.000184	0.999999
64	N	1008	1	0.999009	21686	8	0.999631	0.871465
64	Y	0	1009	0	1	21693	4.6e-05	0.999999
65	S	0	1009	0	1	21693	4.6e-05	0.999999
65	P	1009	0	1	21691	3	0.999862	0.999999
65	L	0	1009	0	2	21692	9.2e-05	0.999999
66	A	1	1008	0.000991	0	21694	0	0.02706
66	D	0	1009	0	6	21688	0.000277	0.999999
66	K	0	1009	0	9	21685	0.000415	0.999999
66	G	0	1009	0	2	21692	9.2e-05	0.999999
66	E	1008	1	0.999009	21677	17	0.999216	0.999999
67	W	0	1009	0	2	21692	9.2e-05	0.999999
67	C	1009	0	1	21692	2	0.999908	0.999999
68	D	0	1009	0	14	21680	0.000645	0.874031
68	K	0	1009	0	2	21692	9.2e-05	0.999999
68	G	2	1007	0.001982	22	21672	0.001014	0.667577
68	E	1007	2	0.998018	21654	40	0.998156	0.999999
68	V	0	1009	0	2	21692	9.2e-05	0.999999
69	A	0	1009	0	1	21693	4.6e-05	0.999999
69	S	993	16	0.984143	21206	488	0.977505	0.197201
69	T	12	997	0.011893	201	21493	0.009265	0.496931
69	P	4	1005	0.003964	238	21456	0.010971	0.049795
69	L	0	1009	0	48	21646	0.002213	0.252139
70	H	0	1009	0	1	21693	4.6e-05	0.999999
70	F	3	1006	0.002973	41	21653	0.00189	0.690111
70	I	0	1009	0	3	21691	0.000138	0.999999
70	P	0	1009	0	8	21686	0.000369	0.999999
70	L	1006	3	0.997027	21639	55	0.997465	0.999999
70	V	0	1009	0	2	21692	9.2e-05	0.999999
71	A	0	1009	0	2	21692	9.2e-05	0.999999
71	F	0	1009	0	14	21680	0.000645	0.874031
71	S	1004	5	0.995045	21641	53	0.997557	0.220054
71	T	0	1009	0	4	21690	0.000184	0.999999
71	P	1	1008	0.000991	11	21683	0.000507	0.999999
71	Y	4	1005	0.003964	22	21672	0.001014	0.025587
72	A	3	1006	0.002973	37	21657	0.001706	0.579137
72	M	0	1009	0	1	21693	4.6e-05	0.999999
72	T	1006	3	0.997027	21630	64	0.99705	0.999999
72	K	0	1009	0	9	21685	0.000415	0.999999
72	I	0	1009	0	17	21677	0.000784	0.763521
73	S	5	1004	0.004955	58	21636	0.002674	0.29797
73	A	1003	6	0.994054	21574	120	0.994469	0.999999
73	T	1	1008	0.000991	42	21652	0.001936	0.760761
73	P	0	1009	0	1	21693	4.6e-05	0.999999
73	E	0	1009	0	8	21686	0.000369	0.999999
73	V	0	1009	0	11	21683	0.000507	0.999999
74	S	1004	5	0.995045	21309	385	0.982253	0.003358
74	T	0	1009	0	3	21691	0.000138	0.999999
74	N	2	1007	0.001982	57	21637	0.002627	0.938402
74	K	0	1009	0	1	21693	4.6e-05	0.999999
74	H	0	1009	0	1	21693	4.6e-05	0.999999
74	I	0	1009	0	14	21680	0.000645	0.874031
74	R	2	1007	0.001982	286	21408	0.013183	0.003037
74	G	1	1008	0.000991	23	21671	0.00106	0.999999
75	S	1009	0	1	21686	8	0.999631	0.999999
75	T	0	1009	0	2	21692	9.2e-05	0.999999
75	P	0	1009	0	3	21691	0.000138	0.999999
75	L	0	1009	0	3	21691	0.000138	0.999999
76	W	1009	0	1	21694	0	1	NA
77	S	1008	1	0.999009	21685	9	0.999585	0.932035
77	P	1	1008	0.000991	8	21686	0.000369	0.871465
77	Y	0	1009	0	1	21693	4.6e-05	0.999999
78	F	0	1009	0	2	21692	9.2e-05	0.999999
78	Y	1009	0	1	21692	2	0.999908	0.999999
79	S	0	1009	0	1	21693	4.6e-05	0.999999
79	I	1008	1	0.999009	21688	6	0.999723	0.728964
79	V	1	1008	0.000991	5	21689	0.00023	0.643855
80	I	0	1009	0	1	21693	4.6e-05	0.999999
80	V	1009	0	1	21693	1	0.999954	0.999999
81	K	0	1009	0	1	21693	4.6e-05	0.999999
81	E	1009	0	1	21693	1	0.999954	0.999999
82	A	1	1008	0.000991	16	21678	0.000738	0.999999
82	T	1008	1	0.999009	21670	24	0.998894	0.999999
82	P	0	1009	0	1	21693	4.6e-05	0.999999
82	K	0	1009	0	4	21690	0.000184	0.999999
82	I	0	1009	0	3	21691	0.000138	0.999999
83	A	0	1009	0	3	21691	0.000138	0.999999
83	F	1	1008	0.000991	10	21684	0.000461	0.987013
83	S	999	10	0.990089	21577	117	0.994607	0.095935
83	T	0	1009	0	5	21689	0.00023	0.999999
83	P	9	1000	0.00892	90	21604	0.004149	0.045072
83	Y	0	1009	0	9	21685	0.000415	0.999999
84	S	828	181	0.820614	13590	8104	0.62644	0
84	T	0	1009	0	9	21685	0.000415	0.999999
84	D	1	1008	0.000991	7	21687	0.000323	0.804235
84	N	172	837	0.170466	7790	13904	0.359085	0
84	R	0	1009	0	2	21692	9.2e-05	0.999999
84	I	1	1008	0.000991	47	21647	0.002166	0.657024
84	G	7	1002	0.006938	249	21445	0.011478	0.236938
85	A	0	1009	0	2	21692	9.2e-05	0.999999
85	S	1009	0	1	21677	17	0.999216	0.763521
85	T	0	1009	0	3	21691	0.000138	0.999999
85	P	0	1009	0	11	21683	0.000507	0.999999
85	L	0	1009	0	1	21693	4.6e-05	0.999999
86	A	0	1009	0	1	21693	4.6e-05	0.999999
86	N	0	1009	0	28	21666	0.001291	0.494554
86	D	1000	9	0.99108	21543	151	0.99304	0.592814
86	G	8	1001	0.007929	99	21595	0.004563	0.196861
86	Y	1	1008	0.000991	1	21693	4.6e-05	0.158334
86	E	0	1009	0	22	21672	0.001014	0.620947
87	S	0	1009	0	2	21692	9.2e-05	0.999999
87	N	1008	1	0.999009	21682	12	0.999447	0.999999
87	K	1	1008	0.000991	10	21684	0.000461	0.987013
88	G	1009	0	1	21693	1	0.999954	0.999999
88	E	0	1009	0	1	21693	4.6e-05	0.999999
89	M	0	1009	0	6	21688	0.000277	0.999999
89	T	1009	0	1	21687	7	0.999677	0.999999
89	K	0	1009	0	1	21693	4.6e-05	0.999999
90	C	1009	0	1	21694	0	1	NA
91	Y	1009	0	1	21694	0	1	NA
92	P	1009	0	1	21694	0	1	NA
93	G	1009	0	1	21694	0	1	NA
94	N	12	997	0.011893	35	21659	0.001613	0
94	D	996	13	0.987116	21645	49	0.997741	0
94	G	0	1009	0	3	21691	0.000138	0.999999
94	E	0	1009	0	9	21685	0.000415	0.999999
94	V	1	1008	0.000991	2	21692	9.2e-05	0.304264
95	F	1008	1	0.999009	21694	0	1	0.02706
95	L	1	1008	0.000991	0	21694	0	0.02706
96	F	0	1009	0	1	21693	4.6e-05	0.999999
96	T	0	1009	0	19	21675	0.000876	0.701281
96	N	0	1009	0	13	21681	0.000599	0.916621
96	C	0	1009	0	1	21693	4.6e-05	0.999999
96	I	1009	0	1	21585	109	0.994976	0.042964
96	L	0	1009	0	5	21689	0.00023	0.999999
96	V	0	1009	0	70	21624	0.003227	0.129339
97	H	0	1009	0	1	21693	4.6e-05	0.999999
97	D	451	558	0.446977	8015	13679	0.369457	0
97	N	558	451	0.553023	13674	8020	0.630313	0
97	K	0	1009	0	1	21693	4.6e-05	0.999999
97	G	0	1009	0	3	21691	0.000138	0.999999
98	H	0	1009	0	1	21693	4.6e-05	0.999999
98	S	0	1009	0	1	21693	4.6e-05	0.999999
98	C	0	1009	0	1	21693	4.6e-05	0.999999
98	Y	1009	0	1	21691	3	0.999862	0.999999
99	D	0	1009	0	2	21692	9.2e-05	0.999999
99	K	0	1009	0	2	21692	9.2e-05	0.999999
99	G	0	1009	0	8	21686	0.000369	0.999999
99	E	1009	0	1	21682	12	0.999447	0.96276
100	G	0	1009	0	1	21693	4.6e-05	0.999999
100	E	1009	0	1	21693	1	0.999954	0.999999
101	I	0	1009	0	2	21692	9.2e-05	0.999999
101	L	1009	0	1	21689	5	0.99977	0.999999
101	V	0	1009	0	3	21691	0.000138	0.999999
102	K	1	1008	0.000991	5	21689	0.00023	0.643855
102	R	1007	2	0.998018	21688	6	0.999723	0.049553
102	G	1	1008	0.000991	1	21693	4.6e-05	0.158334
103	G	0	1009	0	4	21690	0.000184	0.999999
103	E	1009	0	1	21690	4	0.999816	0.999999
104	H	0	1009	0	3	21691	0.000138	0.999999
104	Q	1009	0	1	21684	10	0.999539	0.999999
104	R	0	1009	0	6	21688	0.000277	0.999999
104	L	0	1009	0	1	21693	4.6e-05	0.999999
105	M	0	1009	0	1	21693	4.6e-05	0.999999
105	L	1009	0	1	21692	2	0.999908	0.999999
105	V	0	1009	0	1	21693	4.6e-05	0.999999
106	S	1009	0	1	21683	11	0.999493	0.999999
106	T	0	1009	0	2	21692	9.2e-05	0.999999
106	N	0	1009	0	8	21686	0.000369	0.999999
106	G	0	1009	0	1	21693	4.6e-05	0.999999
107	S	1009	0	1	21693	1	0.999954	0.999999
107	L	0	1009	0	1	21693	4.6e-05	0.999999
108	M	1	1008	0.000991	15	21679	0.000691	0.999999
108	I	0	1009	0	2	21692	9.2e-05	0.999999
108	L	0	1009	0	8	21686	0.000369	0.999999
108	V	1008	1	0.999009	21669	25	0.998848	0.999999
109	S	1009	0	1	21690	4	0.999816	0.999999
109	T	0	1009	0	2	21692	9.2e-05	0.999999
109	P	0	1009	0	2	21692	9.2e-05	0.999999
110	S	1008	1	0.999009	21685	9	0.999585	0.932035
110	T	1	1008	0.000991	3	21691	0.000138	0.434288
110	L	0	1009	0	6	21688	0.000277	0.999999
111	F	1009	0	1	21682	12	0.999447	0.96276
111	L	0	1009	0	7	21687	0.000323	0.999999
111	V	0	1009	0	5	21689	0.00023	0.999999
112	D	0	1009	0	2	21692	9.2e-05	0.999999
112	K	1	1008	0.000991	92	21602	0.004241	0.184268
112	G	0	1009	0	3	21691	0.000138	0.999999
112	E	1008	1	0.999009	21596	98	0.995483	0.156375
112	V	0	1009	0	1	21693	4.6e-05	0.999999
113	S	0	1009	0	1	21693	4.6e-05	0.999999
113	M	0	1009	0	3	21691	0.000138	0.999999
113	K	2	1007	0.001982	106	21588	0.004886	0.28172
113	R	1007	2	0.998018	21584	110	0.994929	0.254755
114	F	1008	1	0.999009	21684	10	0.999539	0.987013
114	I	0	1009	0	1	21693	4.6e-05	0.999999
114	Y	0	1009	0	1	21693	4.6e-05	0.999999
114	L	1	1008	0.000991	0	21694	0	0.02706
114	V	0	1009	0	8	21686	0.000369	0.999999
115	E	1009	0	1	21694	0	1	NA
116	M	10	999	0.009911	128	21566	0.0059	0.16302
116	I	996	13	0.987116	21560	134	0.993823	0.016581
116	V	3	1006	0.002973	6	21688	0.000277	0.00068
117	S	0	1009	0	1	21693	4.6e-05	0.999999
117	F	1009	0	1	21693	1	0.999954	0.999999
118	S	1	1008	0.000991	9	21685	0.000415	0.932035
118	T	0	1009	0	1	21693	4.6e-05	0.999999
118	P	1008	1	0.999009	21684	10	0.999539	0.987013
119	T	0	1009	0	3	21691	0.000138	0.999999
119	N	3	1006	0.002973	52	21642	0.002397	0.970939
119	K	1005	4	0.996036	21616	78	0.996405	0.999999
119	E	0	1009	0	5	21689	0.00023	0.999999
119	Q	0	1009	0	1	21693	4.6e-05	0.999999
119	M	0	1009	0	2	21692	9.2e-05	0.999999
119	I	0	1009	0	1	21693	4.6e-05	0.999999
119	R	1	1008	0.000991	14	21680	0.000645	0.999999
120	S	0	1009	0	1	21693	4.6e-05	0.999999
120	A	10	999	0.009911	90	21604	0.004149	0.013944
120	M	0	1009	0	2	21692	9.2e-05	0.999999
120	T	999	10	0.990089	21572	122	0.994376	0.123779
120	K	0	1009	0	5	21689	0.00023	0.999999
120	I	0	1009	0	24	21670	0.001106	0.574411
121	S	1005	4	0.996036	21603	91	0.995805	0.999999
121	T	0	1009	0	1	21693	4.6e-05	0.999999
121	N	0	1009	0	64	21630	0.00295	0.154437
121	I	3	1006	0.002973	19	21675	0.000876	0.115113
121	G	1	1008	0.000991	7	21687	0.000323	0.804235
122	A	0	1009	0	6	21688	0.000277	0.999999
122	S	1009	0	1	21685	9	0.999585	0.999999
122	T	0	1009	0	1	21693	4.6e-05	0.999999
122	P	0	1009	0	2	21692	9.2e-05	0.999999
123	W	1009	0	1	21694	0	1	NA
124	A	0	1009	0	1	21693	4.6e-05	0.999999
124	S	0	1009	0	2	21692	9.2e-05	0.999999
124	T	0	1009	0	1	21693	4.6e-05	0.999999
124	P	1006	3	0.997027	21687	7	0.999677	0.001605
124	L	3	1006	0.002973	3	21691	0.000138	9e-06
125	H	0	1009	0	1	21693	4.6e-05	0.999999
125	S	2	1007	0.001982	20	21674	0.000922	0.588813
125	D	40	969	0.039643	266	21428	0.012261	0
125	N	967	42	0.958375	21405	289	0.986678	0
125	K	0	1009	0	1	21693	4.6e-05	0.999999
125	Y	0	1009	0	1	21693	4.6e-05	0.999999
126	H	1009	0	1	21677	17	0.999216	0.763521
126	Q	0	1009	0	1	21693	4.6e-05	0.999999
126	L	0	1009	0	1	21693	4.6e-05	0.999999
126	Y	0	1009	0	15	21679	0.000691	0.834549
127	A	0	1009	0	1	21693	4.6e-05	0.999999
127	N	0	1009	0	2	21692	9.2e-05	0.999999
127	D	945	64	0.936571	21626	68	0.996865	0
127	E	64	945	0.063429	65	21629	0.002996	0
128	S	989	20	0.980178	21234	460	0.978796	0.852092
128	T	1	1008	0.000991	27	21667	0.001245	0.999999
128	P	16	993	0.015857	403	21291	0.018577	0.611659
128	L	3	1006	0.002973	30	21664	0.001383	0.382371
129	S	5	1004	0.004955	10	21684	0.000461	1e-06
129	T	4	1005	0.003964	1	21693	4.6e-05	0
129	D	3	1006	0.002973	130	21564	0.005992	0.30894
129	N	996	13	0.987116	21548	146	0.99327	0.035875
129	I	0	1009	0	2	21692	9.2e-05	0.999999
129	K	1	1008	0.000991	2	21692	9.2e-05	0.304264
129	E	0	1009	0	1	21693	4.6e-05	0.999999
130	Q	0	1009	0	1	21693	4.6e-05	0.999999
130	N	0	1009	0	8	21686	0.000369	0.999999
130	R	0	1009	0	5	21689	0.00023	0.999999
130	K	1009	0	1	21680	14	0.999355	0.874031
131	S	0	1009	0	1	21693	4.6e-05	0.999999
131	G	1009	0	1	21693	1	0.999954	0.999999
132	A	0	1009	0	3	21691	0.000138	0.999999
132	I	3	1006	0.002973	17	21677	0.000784	0.080301
132	L	0	1009	0	1	21693	4.6e-05	0.999999
132	E	1	1008	0.000991	35	21659	0.001613	0.935512
132	V	1005	4	0.996036	21638	56	0.997419	0.601129
133	T	1009	0	1	21694	0	1	NA
134	S	0	1009	0	1	21693	4.6e-05	0.999999
134	A	1000	9	0.99108	21511	183	0.991564	0.999999
134	T	8	1001	0.007929	175	21519	0.008067	0.999999
134	I	0	1009	0	1	21693	4.6e-05	0.999999
134	V	1	1008	0.000991	6	21688	0.000277	0.728964
135	S	1	1008	0.000991	6	21688	0.000277	0.728964
135	A	1008	1	0.999009	21688	6	0.999723	0.728964
136	C	1009	0	1	21694	0	1	NA
137	H	0	1009	0	5	21689	0.00023	0.999999
137	S	2	1007	0.001982	93	21601	0.004287	0.390243
137	T	0	1009	0	5	21689	0.00023	0.999999
137	P	1007	2	0.998018	21559	135	0.993777	0.135611
137	L	0	1009	0	32	21662	0.001475	0.428578
138	S	0	1009	0	1	21693	4.6e-05	0.999999
138	H	993	16	0.984143	21304	390	0.982023	0.707498
138	Q	9	1000	0.00892	167	21527	0.007698	0.803405
138	N	0	1009	0	7	21687	0.000323	0.999999
138	R	7	1002	0.006938	205	21489	0.00945	0.519856
138	L	0	1009	0	1	21693	4.6e-05	0.999999
138	Y	0	1009	0	9	21685	0.000415	0.999999
139	S	0	1009	0	16	21678	0.000738	0.797814
139	A	1002	7	0.993062	21602	92	0.995759	0.304678
139	T	3	1006	0.002973	17	21677	0.000784	0.080301
139	D	4	1005	0.003964	48	21646	0.002213	0.42314
139	V	0	1009	0	11	21683	0.000507	0.999999
140	R	0	1009	0	7	21687	0.000323	0.999999
140	G	1008	1	0.999009	21678	16	0.999262	0.999999
140	E	1	1008	0.000991	9	21685	0.000415	0.932035
141	S	1	1008	0.000991	47	21647	0.002166	0.657024
141	A	999	10	0.990089	21506	188	0.991334	0.808373
141	T	8	1001	0.007929	101	21593	0.004656	0.215978
141	E	1	1008	0.000991	29	21665	0.001337	0.999999
141	V	0	1009	0	11	21683	0.000507	0.999999
142	Q	0	1009	0	1	21693	4.6e-05	0.999999
142	N	0	1009	0	7	21687	0.000323	0.999999
142	R	3	1006	0.002973	78	21616	0.003595	0.956958
142	K	1006	3	0.997027	21607	87	0.99599	0.797785
142	E	0	1009	0	1	21693	4.6e-05	0.999999
143	S	966	43	0.957384	20752	942	0.956578	0.965096
143	N	0	1009	0	3	21691	0.000138	0.999999
143	R	0	1009	0	1	21693	4.6e-05	0.999999
143	G	43	966	0.042616	938	20756	0.043238	0.987484
144	F	1009	0	1	21694	0	1	NA
145	S	0	1009	0	1	21693	4.6e-05	0.999999
145	Y	1009	0	1	21693	1	0.999954	0.999999
146	Q	0	1009	0	2	21692	9.2e-05	0.999999
146	T	0	1009	0	5	21689	0.00023	0.999999
146	N	3	1006	0.002973	13	21681	0.000599	0.029935
146	R	1	1008	0.000991	9	21685	0.000415	0.932035
146	K	1003	6	0.994054	21652	42	0.998064	0.018247
146	E	2	1007	0.001982	13	21681	0.000599	0.296272
147	S	0	1009	0	5	21689	0.00023	0.999999
147	T	0	1009	0	3	21691	0.000138	0.999999
147	N	1009	0	1	21685	9	0.999585	0.999999
147	K	0	1009	0	1	21693	4.6e-05	0.999999
148	I	0	1009	0	2	21692	9.2e-05	0.999999
148	L	1009	0	1	21692	2	0.999908	0.999999
149	T	0	1009	0	1	21693	4.6e-05	0.999999
149	M	1	1008	0.000991	6	21688	0.000277	0.728964
149	I	1007	2	0.998018	21677	17	0.999216	0.465316
149	V	1	1008	0.000991	10	21684	0.000461	0.987013
150	W	1009	0	1	21693	1	0.999954	0.999999
150	C	0	1009	0	1	21693	4.6e-05	0.999999
151	I	0	1009	0	4	21690	0.000184	0.999999
151	L	1009	0	1	21689	5	0.99977	0.999999
151	V	0	1009	0	1	21693	4.6e-05	0.999999
152	T	49	960	0.048563	315	21379	0.01452	0
152	I	2	1007	0.001982	69	21625	0.003181	0.705372
152	V	958	51	0.949455	21310	384	0.982299	0
153	Q	4	1005	0.003964	3	21691	0.000138	0
153	T	0	1009	0	1	21693	4.6e-05	0.999999
153	K	1001	8	0.992071	21660	34	0.998433	2.4e-05
153	E	4	1005	0.003964	30	21664	0.001383	0.097635
154	Q	0	1009	0	1	21693	4.6e-05	0.999999
154	T	0	1009	0	3	21691	0.000138	0.999999
154	N	0	1009	0	2	21692	9.2e-05	0.999999
154	R	0	1009	0	2	21692	9.2e-05	0.999999
154	K	1006	3	0.997027	21668	26	0.998802	0.274813
154	E	3	1006	0.002973	18	21676	0.00083	0.096965
155	K	0	1009	0	1	21693	4.6e-05	0.999999
155	G	999	10	0.990089	21524	170	0.992164	0.585921
155	E	10	999	0.009911	167	21527	0.007698	0.549747
155	V	0	1009	0	2	21692	9.2e-05	0.999999
156	S	3	1006	0.002973	25	21669	0.001152	0.249266
156	Q	0	1009	0	1	21693	4.6e-05	0.999999
156	T	0	1009	0	5	21689	0.00023	0.999999
156	D	2	1007	0.001982	38	21656	0.001752	0.999999
156	N	1000	9	0.99108	21574	120	0.994469	0.235835
156	I	1	1008	0.000991	2	21692	9.2e-05	0.304264
156	K	3	1006	0.002973	47	21647	0.002166	0.848628
156	E	0	1009	0	2	21692	9.2e-05	0.999999
157	A	0	1009	0	6	21688	0.000277	0.999999
157	S	1008	1	0.999009	21668	26	0.998802	0.999999
157	T	0	1009	0	9	21685	0.000415	0.999999
157	L	1	1008	0.000991	11	21683	0.000507	0.999999
158	Y	1009	0	1	21694	0	1	NA
159	S	0	1009	0	2	21692	9.2e-05	0.999999
159	P	1009	0	1	21692	2	0.999908	0.999999
160	Q	0	1009	0	1	21693	4.6e-05	0.999999
160	T	4	1005	0.003964	3	21691	0.000138	0
160	M	0	1009	0	2	21692	9.2e-05	0.999999
160	N	0	1009	0	2	21692	9.2e-05	0.999999
160	R	0	1009	0	25	21669	0.001152	0.55292
160	K	1005	4	0.996036	21659	35	0.998387	0.169455
160	E	0	1009	0	2	21692	9.2e-05	0.999999
161	F	0	1009	0	8	21686	0.000369	0.999999
161	I	0	1009	0	28	21666	0.001291	0.494554
161	L	1009	0	1	21658	36	0.998341	0.3733
162	S	853	156	0.845391	14333	7361	0.66069	0
162	T	0	1009	0	2	21692	9.2e-05	0.999999
162	N	153	856	0.151635	7283	14411	0.335715	0
162	K	0	1009	0	2	21692	9.2e-05	0.999999
162	H	1	1008	0.000991	1	21693	4.6e-05	0.158334
162	D	0	1009	0	2	21692	9.2e-05	0.999999
162	I	1	1008	0.000991	32	21662	0.001475	0.999999
162	R	1	1008	0.000991	39	21655	0.001798	0.831105
163	T	1	1008	0.000991	44	21650	0.002028	0.717342
163	N	5	1004	0.004955	77	21617	0.003549	0.645989
163	K	595	414	0.589693	9868	11826	0.454872	0
163	E	2	1007	0.001982	20	21674	0.000922	0.588813
163	Q	392	617	0.388503	11456	10238	0.528072	0
163	I	13	996	0.012884	192	21502	0.00885	0.248567
163	R	1	1008	0.000991	32	21662	0.001475	0.999999
163	L	0	1009	0	5	21689	0.00023	0.999999
164	A	0	1009	0	5	21689	0.00023	0.999999
164	F	1	1008	0.000991	38	21656	0.001752	0.856028
164	S	1007	2	0.998018	21579	115	0.994699	0.224615
164	T	0	1009	0	68	21626	0.003135	0.137172
164	I	1	1008	0.000991	0	21694	0	0.02706
164	P	0	1009	0	1	21693	4.6e-05	0.999999
164	Y	0	1009	0	3	21691	0.000138	0.999999
165	Y	1009	0	1	21691	3	0.999862	0.999999
165	V	0	1009	0	3	21691	0.000138	0.999999
166	S	0	1009	0	7	21687	0.000323	0.999999
166	F	0	1009	0	5	21689	0.00023	0.999999
166	M	0	1009	0	1	21693	4.6e-05	0.999999
166	T	0	1009	0	44	21650	0.002028	0.28651
166	N	0	1009	0	2	21692	9.2e-05	0.999999
166	I	1002	7	0.993062	21428	266	0.987739	0.17102
166	V	7	1002	0.006938	207	21487	0.009542	0.502726
167	N	1009	0	1	21692	2	0.999908	0.999999
167	L	0	1009	0	1	21693	4.6e-05	0.999999
167	V	0	1009	0	1	21693	4.6e-05	0.999999
168	N	3	1006	0.002973	53	21641	0.002443	0.994215
168	D	1006	3	0.997027	21634	60	0.997234	0.999999
168	G	0	1009	0	5	21689	0.00023	0.999999
168	E	0	1009	0	2	21692	9.2e-05	0.999999
169	Q	0	1009	0	3	21691	0.000138	0.999999
169	R	1	1008	0.000991	19	21675	0.000876	0.999999
169	K	1008	1	0.999009	21672	22	0.998986	0.999999
170	R	1	1008	0.000991	34	21660	0.001567	0.963648
170	G	1007	2	0.998018	21638	56	0.997419	0.960453
170	E	1	1008	0.000991	22	21672	0.001014	0.999999
171	Q	0	1009	0	1	21693	4.6e-05	0.999999
171	R	0	1009	0	41	21653	0.00189	0.315906
171	K	1009	0	1	21651	43	0.998018	0.295937
171	E	0	1009	0	1	21693	4.6e-05	0.999999
172	A	0	1009	0	1	21693	4.6e-05	0.999999
172	D	1	1008	0.000991	17	21677	0.000784	0.999999
172	R	0	1009	0	1	21693	4.6e-05	0.999999
172	K	1	1008	0.000991	42	21652	0.001936	0.760761
172	G	0	1009	0	5	21689	0.00023	0.999999
172	E	1006	3	0.997027	21626	68	0.996865	0.999999
172	V	1	1008	0.000991	2	21692	9.2e-05	0.304264
173	K	0	1009	0	1	21693	4.6e-05	0.999999
173	I	55	954	0.054509	483	21211	0.022264	0
173	V	954	55	0.945491	21210	484	0.97769	0
174	I	0	1009	0	2	21692	9.2e-05	0.999999
174	L	1009	0	1	21692	2	0.999908	0.999999
175	M	0	1009	0	4	21690	0.000184	0.999999
175	G	0	1009	0	2	21692	9.2e-05	0.999999
175	L	0	1009	0	1	21693	4.6e-05	0.999999
175	E	0	1009	0	1	21693	4.6e-05	0.999999
175	V	1009	0	1	21686	8	0.999631	0.999999
176	M	0	1009	0	8	21686	0.000369	0.999999
176	I	1	1008	0.000991	5	21689	0.00023	0.643855
176	L	1008	1	0.999009	21680	14	0.999355	0.999999
176	V	0	1009	0	1	21693	4.6e-05	0.999999
177	W	1009	0	1	21694	0	1	NA
178	A	0	1009	0	9	21685	0.000415	0.999999
178	S	0	1009	0	3	21691	0.000138	0.999999
178	G	1009	0	1	21682	12	0.999447	0.96276
179	F	0	1009	0	1	21693	4.6e-05	0.999999
179	I	1008	1	0.999009	21680	14	0.999355	0.999999
179	V	1	1008	0.000991	13	21681	0.000599	0.999999
180	H	1009	0	1	21693	1	0.999954	0.999999
180	Q	0	1009	0	1	21693	4.6e-05	0.999999
181	H	1009	0	1	21691	3	0.999862	0.999999
181	N	0	1009	0	3	21691	0.000138	0.999999
182	S	0	1009	0	3	21691	0.000138	0.999999
182	Q	0	1009	0	23	21671	0.00106	0.597054
182	P	1009	0	1	21668	26	0.998802	0.532497
183	A	0	1009	0	9	21685	0.000415	0.999999
183	F	0	1009	0	2	21692	9.2e-05	0.999999
183	S	961	48	0.952428	21079	615	0.971651	0.000561
183	T	0	1009	0	1	21693	4.6e-05	0.999999
183	N	0	1009	0	2	21692	9.2e-05	0.999999
183	P	48	961	0.047572	597	21097	0.027519	0.000261
183	Y	0	1009	0	2	21692	9.2e-05	0.999999
183	C	0	1009	0	2	21692	9.2e-05	0.999999
184	S	0	1009	0	3	21691	0.000138	0.999999
184	A	0	1009	0	5	21689	0.00023	0.999999
184	T	1009	0	1	21673	21	0.999032	0.646197
184	N	0	1009	0	13	21681	0.000599	0.916621
185	A	0	1009	0	18	21676	0.00083	0.731416
185	S	413	596	0.409316	7367	14327	0.339587	5e-06
185	T	590	419	0.584737	14196	7498	0.654374	6e-06
185	N	4	1005	0.003964	37	21657	0.001706	0.203137
185	I	1	1008	0.000991	50	21644	0.002305	0.602022
185	P	1	1008	0.000991	23	21671	0.00106	0.999999
185	G	0	1009	0	3	21691	0.000138	0.999999
186	S	0	1009	0	7	21687	0.000323	0.999999
186	A	987	22	0.978196	21331	363	0.983267	0.273594
186	T	20	989	0.019822	341	21353	0.015719	0.373612
186	D	1	1008	0.000991	2	21692	9.2e-05	0.304264
186	P	0	1009	0	1	21693	4.6e-05	0.999999
186	G	0	1009	0	3	21691	0.000138	0.999999
186	V	1	1008	0.000991	9	21685	0.000415	0.932035
187	A	1	1008	0.000991	5	21689	0.00023	0.643855
187	S	1	1008	0.000991	2	21692	9.2e-05	0.304264
187	N	1	1008	0.000991	13	21681	0.000599	0.999999
187	Y	0	1009	0	5	21689	0.00023	0.999999
187	E	1	1008	0.000991	2	21692	9.2e-05	0.304264
187	V	2	1007	0.001982	2	21692	9.2e-05	0.001334
187	D	1003	6	0.994054	21651	43	0.998018	0.021135
187	G	0	1009	0	14	21680	0.000645	0.874031
188	Q	1009	0	1	21692	2	0.999908	0.999999
188	R	0	1009	0	1	21693	4.6e-05	0.999999
188	E	0	1009	0	1	21693	4.6e-05	0.999999
189	H	0	1009	0	1	21693	4.6e-05	0.999999
189	Q	1009	0	1	21691	3	0.999862	0.999999
189	K	0	1009	0	2	21692	9.2e-05	0.999999
190	S	985	24	0.976214	21605	89	0.995897	0
190	T	0	1009	0	2	21692	9.2e-05	0.999999
190	N	3	1006	0.002973	14	21680	0.000645	0.03999
190	R	20	989	0.019822	30	21664	0.001383	0
190	I	1	1008	0.000991	26	21668	0.001198	0.999999
190	G	0	1009	0	14	21680	0.000645	0.874031
190	V	0	1009	0	3	21691	0.000138	0.999999
191	P	0	1009	0	1	21693	4.6e-05	0.999999
191	I	88	921	0.087215	18	21676	0.00083	0
191	L	921	88	0.912785	21675	19	0.999124	0
192	D	0	1009	0	1	21693	4.6e-05	0.999999
192	Y	1009	0	1	21693	1	0.999954	0.999999
193	H	1	1008	0.000991	4	21690	0.000184	0.546583
193	Q	1008	1	0.999009	21682	12	0.999447	0.999999
193	K	0	1009	0	2	21692	9.2e-05	0.999999
193	L	0	1009	0	6	21688	0.000277	0.999999
194	S	0	1009	0	4	21690	0.000184	0.999999
194	T	0	1009	0	2	21692	9.2e-05	0.999999
194	D	0	1009	0	2	21692	9.2e-05	0.999999
194	N	1009	0	1	21686	8	0.999631	0.999999
195	S	0	1009	0	2	21692	9.2e-05	0.999999
195	A	1003	6	0.994054	21616	78	0.996405	0.348682
195	T	3	1006	0.002973	29	21665	0.001337	0.354855
195	G	1	1008	0.000991	2	21692	9.2e-05	0.304264
195	E	0	1009	0	9	21685	0.000415	0.999999
195	V	2	1007	0.001982	36	21658	0.001659	0.999999
196	H	0	1009	0	2	21692	9.2e-05	0.999999
196	N	0	1009	0	10	21684	0.000461	0.999999
196	D	1008	1	0.999009	21680	14	0.999355	0.999999
196	E	1	1008	0.000991	2	21692	9.2e-05	0.304264
197	S	2	1007	0.001982	36	21658	0.001659	0.999999
197	A	965	44	0.956392	20504	1190	0.945146	0.141758
197	T	42	967	0.041625	1154	20540	0.053194	0.124546
198	H	0	1009	0	4	21690	0.000184	0.999999
198	S	0	1009	0	1	21693	4.6e-05	0.999999
198	N	0	1009	0	1	21693	4.6e-05	0.999999
198	C	0	1009	0	1	21693	4.6e-05	0.999999
198	D	0	1009	0	1	21693	4.6e-05	0.999999
198	Y	1009	0	1	21686	8	0.999631	0.999999
199	A	1	1008	0.000991	135	21559	0.006223	0.057883
199	I	1	1008	0.000991	12	21682	0.000553	0.999999
199	G	0	1009	0	1	21693	4.6e-05	0.999999
199	V	1007	2	0.998018	21546	148	0.993178	0.097664
200	S	0	1009	0	4	21690	0.000184	0.999999
200	F	1009	0	1	21679	15	0.999309	0.834549
200	Y	0	1009	0	2	21692	9.2e-05	0.999999
200	L	0	1009	0	7	21687	0.000323	0.999999
200	V	0	1009	0	2	21692	9.2e-05	0.999999
201	M	1	1008	0.000991	2	21692	9.2e-05	0.304264
201	V	1008	1	0.999009	21692	2	0.999908	0.304264
202	W	1	1008	0.000991	6	21688	0.000277	0.728964
202	R	0	1009	0	1	21693	4.6e-05	0.999999
202	G	1008	1	0.999009	21654	40	0.998156	0.806934
202	E	0	1009	0	33	21661	0.001521	0.413856
203	A	0	1009	0	2	21692	9.2e-05	0.999999
203	S	69	940	0.068385	1106	20588	0.050982	0.017955
203	T	940	69	0.931615	20586	1108	0.948926	0.018686
204	S	1009	0	1	21690	4	0.999816	0.999999
204	T	0	1009	0	1	21693	4.6e-05	0.999999
204	P	0	1009	0	3	21691	0.000138	0.999999
205	S	0	1009	0	4	21690	0.000184	0.999999
205	T	0	1009	0	1	21693	4.6e-05	0.999999
205	N	0	1009	0	1	21693	4.6e-05	0.999999
205	I	0	1009	0	1	21693	4.6e-05	0.999999
205	K	38	971	0.037661	868	20826	0.040011	0.771414
205	R	971	38	0.962339	20815	879	0.959482	0.71226
205	G	0	1009	0	4	21690	0.000184	0.999999
206	H	0	1009	0	1	21693	4.6e-05	0.999999
206	C	0	1009	0	1	21693	4.6e-05	0.999999
206	Y	1009	0	1	21692	2	0.999908	0.999999
207	S	1008	1	0.999009	21678	16	0.999262	0.999999
207	T	0	1009	0	1	21693	4.6e-05	0.999999
207	C	0	1009	0	3	21691	0.000138	0.999999
207	N	1	1008	0.000991	10	21684	0.000461	0.987013
207	I	0	1009	0	1	21693	4.6e-05	0.999999
207	G	0	1009	0	1	21693	4.6e-05	0.999999
208	Q	0	1009	0	1	21693	4.6e-05	0.999999
208	R	2	1007	0.001982	27	21667	0.001245	0.849013
208	K	1007	2	0.998018	21662	32	0.998525	0.999999
208	E	0	1009	0	4	21690	0.000184	0.999999
209	M	3	1006	0.002973	3	21691	0.000138	9e-06
209	T	1	1008	0.000991	8	21686	0.000369	0.871465
209	N	0	1009	0	13	21681	0.000599	0.916621
209	R	0	1009	0	2	21692	9.2e-05	0.999999
209	K	1005	4	0.996036	21655	39	0.998202	0.239223
209	E	0	1009	0	13	21681	0.000599	0.916621
210	S	2	1007	0.001982	8	21686	0.000369	0.105205
210	F	1005	4	0.996036	21671	23	0.99894	0.031618
210	L	2	1007	0.001982	11	21683	0.000507	0.214404
210	V	0	1009	0	4	21690	0.000184	0.999999
211	Q	0	1009	0	2	21692	9.2e-05	0.999999
211	T	0	1009	0	3	21691	0.000138	0.999999
211	N	2	1007	0.001982	9	21685	0.000415	0.138947
211	R	0	1009	0	27	21667	0.001245	0.513064
211	K	1002	7	0.993062	21643	51	0.997649	0.012337
211	E	5	1004	0.004955	10	21684	0.000461	1e-06
212	T	0	1009	0	2	21692	9.2e-05	0.999999
212	R	0	1009	0	1	21693	4.6e-05	0.999999
212	P	1009	0	1	21691	3	0.999862	0.999999
213	D	0	1009	0	3	21691	0.000138	0.999999
213	K	0	1009	0	1	21693	4.6e-05	0.999999
213	G	0	1009	0	1	21693	4.6e-05	0.999999
213	L	0	1009	0	1	21693	4.6e-05	0.999999
213	E	1009	0	1	21687	7	0.999677	0.999999
213	V	0	1009	0	1	21693	4.6e-05	0.999999
214	M	0	1009	0	2	21692	9.2e-05	0.999999
214	T	1	1008	0.000991	5	21689	0.00023	0.643855
214	I	1007	2	0.998018	21669	25	0.998848	0.779207
214	L	0	1009	0	3	21691	0.000138	0.999999
214	V	1	1008	0.000991	15	21679	0.000691	0.999999
215	S	1	1008	0.000991	0	21694	0	0.02706
215	A	1003	6	0.994054	21249	445	0.979487	0.001772
215	T	1	1008	0.000991	38	21656	0.001752	0.856028
215	G	4	1005	0.003964	335	21359	0.015442	0.005018
215	E	0	1009	0	37	21657	0.001706	0.360876
215	V	0	1009	0	35	21659	0.001613	0.386251
216	A	2	1007	0.001982	3	21691	0.000138	0.00555
216	T	149	860	0.147671	7191	14503	0.331474	0
216	K	0	1009	0	2	21692	9.2e-05	0.999999
216	P	0	1009	0	5	21689	0.00023	0.999999
216	V	12	997	0.011893	233	21461	0.01074	0.84887
216	Q	0	1009	0	1	21693	4.6e-05	0.999999
216	M	0	1009	0	10	21684	0.000461	0.999999
216	R	0	1009	0	2	21692	9.2e-05	0.999999
216	I	846	163	0.838454	14243	7451	0.656541	0
216	L	0	1009	0	4	21690	0.000184	0.999999
217	T	0	1009	0	1	21693	4.6e-05	0.999999
217	R	1009	0	1	21693	1	0.999954	0.999999
218	A	0	1009	0	12	21682	0.000553	0.96276
218	H	0	1009	0	1	21693	4.6e-05	0.999999
218	T	0	1009	0	1	21693	4.6e-05	0.999999
218	R	0	1009	0	1	21693	4.6e-05	0.999999
218	P	1009	0	1	21672	22	0.998986	0.620947
218	L	0	1009	0	7	21687	0.000323	0.999999
219	Q	0	1009	0	2	21692	9.2e-05	0.999999
219	I	0	1009	0	1	21693	4.6e-05	0.999999
219	R	0	1009	0	6	21688	0.000277	0.999999
219	K	1009	0	1	21685	9	0.999585	0.999999
220	M	1	1008	0.000991	14	21680	0.000645	0.999999
220	L	0	1009	0	4	21690	0.000184	0.999999
220	V	1008	1	0.999009	21676	18	0.99917	0.999999
221	M	0	1009	0	1	21693	4.6e-05	0.999999
221	K	2	1007	0.001982	12	21682	0.000553	0.254806
221	R	1007	2	0.998018	21681	13	0.999401	0.296272
222	S	0	1009	0	1	21693	4.6e-05	0.999999
222	A	0	1009	0	1	21693	4.6e-05	0.999999
222	T	0	1009	0	1	21693	4.6e-05	0.999999
222	N	30	979	0.029732	98	21596	0.004517	0
222	Y	1	1008	0.000991	2	21692	9.2e-05	0.304264
222	E	11	998	0.010902	541	21153	0.024938	0.006428
222	V	0	1009	0	1	21693	4.6e-05	0.999999
222	H	0	1009	0	1	21693	4.6e-05	0.999999
222	D	855	154	0.847374	20833	861	0.960312	0
222	G	112	897	0.111001	215	21479	0.009911	0
223	Q	735	274	0.728444	21656	38	0.998248	0
223	R	274	735	0.271556	38	21656	0.001752	0
224	A	0	1009	0	5	21689	0.00023	0.999999
224	K	2	1007	0.001982	2	21692	9.2e-05	0.001334
224	G	0	1009	0	13	21681	0.000599	0.916621
224	E	1007	2	0.998018	21673	21	0.999032	0.628603
224	V	0	1009	0	1	21693	4.6e-05	0.999999
225	A	6	1003	0.005946	4	21690	0.000184	0
225	R	0	1009	0	2	21692	9.2e-05	0.999999
225	G	1003	6	0.994054	21688	6	0.999723	0
226	R	1009	0	1	21694	0	1	NA
227	M	1005	4	0.996036	21676	18	0.99917	0.009036
227	I	4	1005	0.003964	14	21680	0.000645	0.002005
227	L	0	1009	0	1	21693	4.6e-05	0.999999
227	V	0	1009	0	3	21691	0.000138	0.999999
228	S	0	1009	0	8	21686	0.000369	0.999999
228	T	2	1007	0.001982	1	21693	4.6e-05	0.000128
228	D	0	1009	0	19	21675	0.000876	0.701281
228	N	1007	2	0.998018	21656	38	0.998248	0.999999
228	K	0	1009	0	10	21684	0.000461	0.999999
229	Y	1009	0	1	21694	0	1	NA
230	H	0	1009	0	24	21670	0.001106	0.574411
230	D	0	1009	0	1	21693	4.6e-05	0.999999
230	Y	1009	0	1	21669	25	0.998848	0.55292
231	W	1009	0	1	21694	0	1	NA
232	A	0	1009	0	5	21689	0.00023	0.999999
232	T	1009	0	1	21678	16	0.999262	0.797814
232	K	0	1009	0	1	21693	4.6e-05	0.999999
232	I	0	1009	0	10	21684	0.000461	0.999999
233	I	0	1009	0	18	21676	0.00083	0.731416
233	L	1009	0	1	21672	22	0.998986	0.620947
233	V	0	1009	0	4	21690	0.000184	0.999999
234	I	104	905	0.103072	1050	20644	0.0484	0
234	L	1	1008	0.000991	46	21648	0.00212	0.676515
234	V	904	105	0.895937	20598	1096	0.949479	0
235	A	0	1009	0	1	21693	4.6e-05	0.999999
235	D	3	1006	0.002973	50	21644	0.002305	0.923182
235	K	2	1007	0.001982	35	21659	0.001613	0.999999
235	G	0	1009	0	10	21684	0.000461	0.999999
235	E	1004	5	0.995045	21597	97	0.995529	0.999999
235	V	0	1009	0	1	21693	4.6e-05	0.999999
236	S	0	1009	0	2	21692	9.2e-05	0.999999
236	P	1009	0	1	21692	2	0.999908	0.999999
237	A	0	1009	0	1	21693	4.6e-05	0.999999
237	R	0	1009	0	2	21692	9.2e-05	0.999999
237	G	1009	0	1	21685	9	0.999585	0.999999
237	E	0	1009	0	6	21688	0.000277	0.999999
238	H	0	1009	0	1	21693	4.6e-05	0.999999
238	N	0	1009	0	4	21690	0.000184	0.999999
238	D	1009	0	1	21677	17	0.999216	0.763521
238	G	0	1009	0	9	21685	0.000415	0.999999
238	E	0	1009	0	3	21691	0.000138	0.999999
239	Q	0	1009	0	1	21693	4.6e-05	0.999999
239	N	0	1009	0	1	21693	4.6e-05	0.999999
239	R	1	1008	0.000991	13	21681	0.000599	0.999999
239	K	1008	1	0.999009	21677	17	0.999216	0.999999
239	E	0	1009	0	2	21692	9.2e-05	0.999999
240	M	0	1009	0	2	21692	9.2e-05	0.999999
240	T	0	1009	0	1	21693	4.6e-05	0.999999
240	I	1009	0	1	21691	3	0.999862	0.999999
241	A	1	1008	0.000991	0	21694	0	0.02706
241	S	0	1009	0	1	21693	4.6e-05	0.999999
241	T	1007	2	0.998018	21670	24	0.998894	0.742907
241	R	0	1009	0	1	21693	4.6e-05	0.999999
241	K	0	1009	0	1	21693	4.6e-05	0.999999
241	P	1	1008	0.000991	1	21693	4.6e-05	0.158334
241	I	0	1009	0	20	21674	0.000922	0.672928
242	F	1009	0	1	21688	6	0.999723	0.999999
242	I	0	1009	0	3	21691	0.000138	0.999999
242	L	0	1009	0	2	21692	9.2e-05	0.999999
242	Y	0	1009	0	1	21693	4.6e-05	0.999999
243	D	0	1009	0	1	21693	4.6e-05	0.999999
243	E	1009	0	1	21693	1	0.999954	0.999999
244	S	0	1009	0	3	21691	0.000138	0.999999
244	A	1009	0	1	21687	7	0.999677	0.999999
244	T	0	1009	0	4	21690	0.000184	0.999999
245	A	0	1009	0	1	21693	4.6e-05	0.999999
245	S	0	1009	0	4	21690	0.000184	0.999999
245	T	1009	0	1	21682	12	0.999447	0.96276
245	N	0	1009	0	7	21687	0.000323	0.999999
246	G	1009	0	1	21694	0	1	NA
247	H	0	1009	0	1	21693	4.6e-05	0.999999
247	D	0	1009	0	2	21692	9.2e-05	0.999999
247	N	1009	0	1	21691	3	0.999862	0.999999
248	I	0	1009	0	4	21690	0.000184	0.999999
248	L	1009	0	1	21690	4	0.999816	0.999999
249	A	0	1009	0	2	21692	9.2e-05	0.999999
249	M	0	1009	0	13	21681	0.000599	0.916621
249	L	17	992	0.016848	455	21239	0.020974	0.432524
249	V	992	17	0.983152	21224	470	0.978335	0.356974
250	A	12	997	0.011893	73	21621	0.003365	4.6e-05
250	I	0	1009	0	18	21676	0.00083	0.731416
250	L	0	1009	0	1	21693	4.6e-05	0.999999
250	V	997	12	0.988107	21602	92	0.995759	0.001037
251	S	0	1009	0	1	21693	4.6e-05	0.999999
251	P	1009	0	1	21693	1	0.999954	0.999999
252	T	0	1009	0	1	21693	4.6e-05	0.999999
252	I	1	1008	0.000991	1	21693	4.6e-05	0.158334
252	K	0	1009	0	10	21684	0.000461	0.999999
252	R	1007	2	0.998018	21680	14	0.999355	0.338374
252	G	1	1008	0.000991	2	21692	9.2e-05	0.304264
253	H	1	1008	0.000991	2	21692	9.2e-05	0.304264
253	F	0	1009	0	3	21691	0.000138	0.999999
253	C	0	1009	0	1	21693	4.6e-05	0.999999
253	Y	1008	1	0.999009	21688	6	0.999723	0.728964
254	A	1008	1	0.999009	21692	2	0.999908	0.304264
254	G	0	1009	0	1	21693	4.6e-05	0.999999
254	V	1	1008	0.000991	1	21693	4.6e-05	0.158334
255	F	1009	0	1	21693	1	0.999954	0.999999
255	C	0	1009	0	1	21693	4.6e-05	0.999999
256	S	0	1009	0	3	21691	0.000138	0.999999
256	A	611	398	0.60555	10161	11533	0.468378	0
256	T	394	615	0.390486	11494	10200	0.529824	0
256	K	0	1009	0	6	21688	0.000277	0.999999
256	P	0	1009	0	1	21693	4.6e-05	0.999999
256	E	0	1009	0	3	21691	0.000138	0.999999
256	V	3	1006	0.002973	7	21687	0.000323	0.001605
256	I	1	1008	0.000991	18	21676	0.00083	0.999999
256	G	0	1009	0	1	21693	4.6e-05	0.999999
257	T	0	1009	0	2	21692	9.2e-05	0.999999
257	M	983	26	0.974232	21525	169	0.99221	0
257	K	0	1009	0	1	21693	4.6e-05	0.999999
257	I	13	996	0.012884	138	21556	0.006361	0.021808
257	L	0	1009	0	3	21691	0.000138	0.999999
257	V	13	996	0.012884	25	21669	0.001152	0
258	Q	0	1009	0	3	21691	0.000138	0.999999
258	D	1	1008	0.000991	10	21684	0.000461	0.987013
258	K	0	1009	0	20	21674	0.000922	0.672928
258	G	0	1009	0	8	21686	0.000369	0.999999
258	E	1007	2	0.998018	21650	44	0.997972	0.999999
258	V	1	1008	0.000991	3	21691	0.000138	0.434288
259	K	0	1009	0	67	21627	0.003088	0.141281
259	R	1009	0	1	21626	68	0.996865	0.137172
259	G	0	1009	0	1	21693	4.6e-05	0.999999
260	A	0	1009	0	1	21693	4.6e-05	0.999999
260	S	0	1009	0	27	21667	0.001245	0.513064
260	T	3	1006	0.002973	77	21617	0.003549	0.975946
260	N	991	18	0.982161	21316	378	0.982576	0.999999
260	K	0	1009	0	10	21684	0.000461	0.999999
260	H	2	1007	0.001982	9	21685	0.000415	0.138947
260	D	13	996	0.012884	252	21442	0.011616	0.828495
260	R	0	1009	0	1	21693	4.6e-05	0.999999
260	G	0	1009	0	1	21693	4.6e-05	0.999999
261	S	43	966	0.042616	163	21531	0.007514	0
261	A	962	47	0.953419	21406	288	0.986724	0
261	T	1	1008	0.000991	58	21636	0.002674	0.4778
261	D	2	1007	0.001982	38	21656	0.001752	0.999999
261	G	1	1008	0.000991	1	21693	4.6e-05	0.158334
261	V	0	1009	0	28	21666	0.001291	0.494554
262	A	0	1009	0	1	21693	4.6e-05	0.999999
262	G	1009	0	1	21653	41	0.99811	0.315906
262	E	0	1009	0	40	21654	0.001844	0.326488
263	A	0	1009	0	12	21682	0.000553	0.96276
263	F	0	1009	0	10	21684	0.000461	0.999999
263	S	1007	2	0.998018	21660	34	0.998433	0.999999
263	T	0	1009	0	3	21691	0.000138	0.999999
263	P	2	1007	0.001982	3	21691	0.000138	0.00555
263	Y	0	1009	0	6	21688	0.000277	0.999999
264	S	0	1009	0	5	21689	0.00023	0.999999
264	A	0	1009	0	2	21692	9.2e-05	0.999999
264	D	0	1009	0	4	21690	0.000184	0.999999
264	G	1009	0	1	21683	11	0.999493	0.999999
265	F	0	1009	0	2	21692	9.2e-05	0.999999
265	T	1	1008	0.000991	0	21694	0	0.02706
265	N	0	1009	0	1	21693	4.6e-05	0.999999
265	I	1008	1	0.999009	21690	4	0.999816	0.546583
265	V	0	1009	0	1	21693	4.6e-05	0.999999
266	F	0	1009	0	17	21677	0.000784	0.763521
266	I	1000	9	0.99108	21623	71	0.996727	0.007203
266	L	0	1009	0	8	21686	0.000369	0.999999
266	V	9	1000	0.00892	46	21648	0.00212	7.2e-05
267	F	0	1009	0	3	21691	0.000138	0.999999
267	S	1	1008	0.000991	5	21689	0.00023	0.643855
267	M	0	1009	0	1	21693	4.6e-05	0.999999
267	T	0	1009	0	9	21685	0.000415	0.999999
267	I	1008	1	0.999009	21665	29	0.998663	0.999999
267	L	0	1009	0	1	21693	4.6e-05	0.999999
267	V	0	1009	0	10	21684	0.000461	0.999999
268	S	1009	0	1	21682	12	0.999447	0.96276
268	T	0	1009	0	11	21683	0.000507	0.999999
268	P	0	1009	0	1	21693	4.6e-05	0.999999
269	N	4	1005	0.003964	55	21639	0.002535	0.578696
269	D	1005	4	0.996036	21617	77	0.996451	0.999999
269	G	0	1009	0	8	21686	0.000369	0.999999
269	E	0	1009	0	14	21680	0.000645	0.874031
270	A	5	1004	0.004955	56	21638	0.002581	0.265719
270	T	1003	6	0.994054	21628	66	0.996958	0.187689
270	I	0	1009	0	5	21689	0.00023	0.999999
270	K	1	1008	0.000991	5	21689	0.00023	0.643855
271	S	2	1007	0.001982	139	21555	0.006407	0.122583
271	Q	5	1004	0.004955	8	21686	0.000369	0
271	T	3	1006	0.002973	39	21655	0.001798	0.635011
271	P	999	10	0.990089	21502	192	0.99115	0.857808
271	L	0	1009	0	6	21688	0.000277	0.999999
272	F	4	1005	0.003964	21	21673	0.000968	0.020355
272	A	7	1002	0.006938	130	21564	0.005992	0.864215
272	I	7	1002	0.006938	127	21567	0.005854	0.8189
272	G	0	1009	0	1	21693	4.6e-05	0.999999
272	V	991	18	0.982161	21415	279	0.987139	0.222904
273	N	0	1009	0	41	21653	0.00189	0.315906
273	K	0	1009	0	1	21693	4.6e-05	0.999999
273	P	0	1009	0	1	21693	4.6e-05	0.999999
273	Y	2	1007	0.001982	50	21644	0.002305	0.999999
273	H	1006	3	0.997027	21520	174	0.991979	0.109849
273	Q	1	1008	0.000991	64	21630	0.00295	0.402531
273	D	0	1009	0	1	21693	4.6e-05	0.999999
273	R	0	1009	0	16	21678	0.000738	0.797814
274	N	6	1003	0.005946	233	21461	0.01074	0.193364
274	D	1001	8	0.992071	21424	270	0.987554	0.258916
274	G	0	1009	0	9	21685	0.000415	0.999999
274	E	2	1007	0.001982	21	21673	0.000968	0.628603
274	Y	0	1009	0	7	21687	0.000323	0.999999
275	C	1009	0	1	21694	0	1	NA
276	H	0	1009	0	2	21692	9.2e-05	0.999999
276	S	0	1009	0	19	21675	0.000876	0.701281
276	T	0	1009	0	1	21693	4.6e-05	0.999999
276	D	3	1006	0.002973	18	21676	0.00083	0.096965
276	N	1006	3	0.997027	21654	40	0.998156	0.662674
277	S	0	1009	0	1	21693	4.6e-05	0.999999
277	A	2	1007	0.001982	43	21651	0.001982	0.999999
277	T	1007	2	0.998018	21650	44	0.997972	0.999999
278	S	0	1009	0	3	21691	0.000138	0.999999
278	A	4	1005	0.003964	12	21682	0.000553	0.000713
278	T	1004	5	0.995045	21669	25	0.998848	0.004994
278	N	1	1008	0.000991	5	21689	0.00023	0.643855
278	I	0	1009	0	5	21689	0.00023	0.999999
279	C	1009	0	1	21694	0	1	NA
280	H	0	1009	0	3	21691	0.000138	0.999999
280	Q	1009	0	1	21690	4	0.999816	0.999999
280	R	0	1009	0	1	21693	4.6e-05	0.999999
281	T	1009	0	1	21694	0	1	NA
282	S	3	1006	0.002973	15	21679	0.000691	0.051754
282	T	0	1009	0	2	21692	9.2e-05	0.999999
282	R	0	1009	0	1	21693	4.6e-05	0.999999
282	P	1006	3	0.997027	21661	33	0.998479	0.466316
282	L	0	1009	0	15	21679	0.000691	0.834549
283	T	0	1009	0	1	21693	4.6e-05	0.999999
283	N	1	1008	0.000991	45	21649	0.002074	0.696614
283	K	508	501	0.503469	9096	12598	0.419286	0
283	E	498	511	0.493558	12455	9239	0.574122	0
283	V	0	1009	0	2	21692	9.2e-05	0.999999
283	Q	0	1009	0	3	21691	0.000138	0.999999
283	M	0	1009	0	3	21691	0.000138	0.999999
283	D	2	1007	0.001982	67	21627	0.003088	0.740268
283	R	0	1009	0	20	21674	0.000922	0.672928
283	G	0	1009	0	2	21692	9.2e-05	0.999999
284	S	0	1009	0	1	21693	4.6e-05	0.999999
284	G	1009	0	1	21691	3	0.999862	0.999999
284	V	0	1009	0	2	21692	9.2e-05	0.999999
285	S	1	1008	0.000991	14	21680	0.000645	0.999999
285	A	1008	1	0.999009	21673	21	0.999032	0.999999
285	T	0	1009	0	3	21691	0.000138	0.999999
285	D	0	1009	0	2	21692	9.2e-05	0.999999
285	P	0	1009	0	2	21692	9.2e-05	0.999999
286	T	0	1009	0	3	21691	0.000138	0.999999
286	M	8	1001	0.007929	10	21684	0.000461	0
286	I	996	13	0.987116	21573	121	0.994422	0.00593
286	L	1	1008	0.000991	59	21635	0.00272	0.464291
286	V	4	1005	0.003964	49	21645	0.002259	0.445015
287	T	0	1009	0	2	21692	9.2e-05	0.999999
287	D	4	1005	0.003964	1	21693	4.6e-05	0
287	N	1005	4	0.996036	21688	6	0.999723	2e-06
287	K	0	1009	0	3	21691	0.000138	0.999999
288	A	0	1009	0	1	21693	4.6e-05	0.999999
288	S	0	1009	0	4	21690	0.000184	0.999999
288	T	1008	1	0.999009	21688	6	0.999723	0.728964
288	I	0	1009	0	1	21693	4.6e-05	0.999999
288	P	1	1008	0.000991	0	21694	0	0.02706
289	S	1004	5	0.995045	21691	3	0.999862	0
289	T	0	1009	0	2	21692	9.2e-05	0.999999
289	R	0	1009	0	1	21693	4.6e-05	0.999999
289	G	5	1004	0.004955	0	21694	0	0
290	H	0	1009	0	6	21688	0.000277	0.999999
290	F	0	1009	0	6	21688	0.000277	0.999999
290	P	0	1009	0	1	21693	4.6e-05	0.999999
290	L	1009	0	1	21681	13	0.999401	0.916621
291	S	0	1009	0	2	21692	9.2e-05	0.999999
291	P	1009	0	1	21692	2	0.999908	0.999999
292	S	0	1009	0	1	21693	4.6e-05	0.999999
292	F	1009	0	1	21687	7	0.999677	0.999999
292	C	0	1009	0	1	21693	4.6e-05	0.999999
292	I	0	1009	0	4	21690	0.000184	0.999999
292	L	0	1009	0	1	21693	4.6e-05	0.999999
293	H	9	1000	0.00892	187	21507	0.00862	0.999999
293	Q	1000	9	0.99108	21502	192	0.99115	0.999999
293	R	0	1009	0	5	21689	0.00023	0.999999
294	H	0	1009	0	1	21693	4.6e-05	0.999999
294	S	1	1008	0.000991	16	21678	0.000738	0.999999
294	T	0	1009	0	1	21693	4.6e-05	0.999999
294	D	0	1009	0	14	21680	0.000645	0.874031
294	N	1008	1	0.999009	21656	38	0.998248	0.856028
294	K	0	1009	0	5	21689	0.00023	0.999999
294	Y	0	1009	0	1	21693	4.6e-05	0.999999
295	M	0	1009	0	3	21691	0.000138	0.999999
295	T	1	1008	0.000991	7	21687	0.000323	0.804235
295	N	0	1009	0	1	21693	4.6e-05	0.999999
295	I	994	15	0.985134	21205	489	0.977459	0.131515
295	L	0	1009	0	2	21692	9.2e-05	0.999999
295	V	14	995	0.013875	476	21218	0.021942	0.10679
296	A	0	1009	0	2	21692	9.2e-05	0.999999
296	H	1008	1	0.999009	21672	22	0.998986	0.999999
296	D	0	1009	0	2	21692	9.2e-05	0.999999
296	N	1	1008	0.000991	9	21685	0.000415	0.932035
296	P	0	1009	0	1	21693	4.6e-05	0.999999
296	L	0	1009	0	1	21693	4.6e-05	0.999999
296	Y	0	1009	0	7	21687	0.000323	0.999999
297	S	7	1002	0.006938	103	21591	0.004748	0.454897
297	Q	0	1009	0	34	21660	0.001567	0.399759
297	R	0	1009	0	3	21691	0.000138	0.999999
297	P	1002	7	0.993062	21554	140	0.993547	0.999999
298	T	0	1009	0	7	21687	0.000323	0.999999
298	N	0	1009	0	1	21693	4.6e-05	0.999999
298	I	1009	0	1	21677	17	0.999216	0.763521
298	V	0	1009	0	9	21685	0.000415	0.999999
299	S	0	1009	0	1	21693	4.6e-05	0.999999
299	A	0	1009	0	2	21692	9.2e-05	0.999999
299	T	1009	0	1	21687	7	0.999677	0.999999
299	K	0	1009	0	1	21693	4.6e-05	0.999999
299	I	0	1009	0	3	21691	0.000138	0.999999
300	M	0	1009	0	3	21691	0.000138	0.999999
300	T	0	1009	0	1	21693	4.6e-05	0.999999
300	I	1009	0	1	21683	11	0.999493	0.999999
300	L	0	1009	0	2	21692	9.2e-05	0.999999
300	V	0	1009	0	5	21689	0.00023	0.999999
301	G	1009	0	1	21694	0	1	NA
302	T	0	1009	0	3	21691	0.000138	0.999999
302	N	1	1008	0.000991	7	21687	0.000323	0.804235
302	R	0	1009	0	15	21679	0.000691	0.834549
302	K	1008	1	0.999009	21608	86	0.996036	0.217363
302	E	0	1009	0	61	21633	0.002812	0.168951
303	S	0	1009	0	1	21693	4.6e-05	0.999999
303	C	1009	0	1	21692	2	0.999908	0.999999
303	Y	0	1009	0	1	21693	4.6e-05	0.999999
304	S	1	1008	0.000991	25	21669	0.001152	0.999999
304	P	1008	1	0.999009	21669	25	0.998848	0.999999
305	R	0	1009	0	4	21690	0.000184	0.999999
305	K	1009	0	1	21690	4	0.999816	0.999999
306	F	0	1009	0	7	21687	0.000323	0.999999
306	H	0	1009	0	1	21693	4.6e-05	0.999999
306	Y	1009	0	1	21686	8	0.999631	0.999999
307	A	0	1009	0	1	21693	4.6e-05	0.999999
307	I	0	1009	0	5	21689	0.00023	0.999999
307	L	0	1009	0	1	21693	4.6e-05	0.999999
307	V	1009	0	1	21687	7	0.999677	0.999999
308	N	0	1009	0	3	21691	0.000138	0.999999
308	R	0	1009	0	50	21644	0.002305	0.236751
308	K	1008	1	0.999009	21627	67	0.996912	0.369684
308	E	1	1008	0.000991	14	21680	0.000645	0.999999
309	S	1009	0	1	21685	9	0.999585	0.999999
309	C	0	1009	0	1	21693	4.6e-05	0.999999
309	N	0	1009	0	1	21693	4.6e-05	0.999999
309	I	0	1009	0	2	21692	9.2e-05	0.999999
309	R	0	1009	0	3	21691	0.000138	0.999999
309	G	0	1009	0	2	21692	9.2e-05	0.999999
310	A	4	1005	0.003964	15	21679	0.000691	0.0031
310	S	0	1009	0	3	21691	0.000138	0.999999
310	T	1003	6	0.994054	21650	44	0.997972	0.024329
310	P	0	1009	0	3	21691	0.000138	0.999999
310	K	2	1007	0.001982	12	21682	0.000553	0.254806
310	M	0	1009	0	1	21693	4.6e-05	0.999999
310	I	0	1009	0	9	21685	0.000415	0.999999
310	R	0	1009	0	1	21693	4.6e-05	0.999999
311	T	1	1008	0.000991	47	21647	0.002166	0.657024
311	N	4	1005	0.003964	3	21691	0.000138	0
311	R	0	1009	0	4	21690	0.000184	0.999999
311	K	1004	5	0.995045	21630	64	0.99705	0.401675
311	E	0	1009	0	10	21684	0.000461	0.999999
312	M	0	1009	0	6	21688	0.000277	0.999999
312	L	1009	0	1	21687	7	0.999677	0.999999
312	V	0	1009	0	1	21693	4.6e-05	0.999999
313	K	1	1008	0.000991	15	21679	0.000691	0.999999
313	R	1008	1	0.999009	21678	16	0.999262	0.999999
313	G	0	1009	0	1	21693	4.6e-05	0.999999
314	Q	0	1009	0	1	21693	4.6e-05	0.999999
314	M	0	1009	0	28	21666	0.001291	0.494554
314	L	1009	0	1	21665	29	0.998663	0.476904
315	A	1009	0	1	21643	51	0.997649	0.229461
315	T	0	1009	0	2	21692	9.2e-05	0.999999
315	V	0	1009	0	49	21645	0.002259	0.244306
316	A	0	1009	0	1	21693	4.6e-05	0.999999
316	S	0	1009	0	2	21692	9.2e-05	0.999999
316	T	1009	0	1	21690	4	0.999816	0.999999
316	P	0	1009	0	1	21693	4.6e-05	0.999999
317	G	1009	0	1	21694	0	1	NA
318	W	0	1009	0	1	21693	4.6e-05	0.999999
318	M	0	1009	0	3	21691	0.000138	0.999999
318	L	1009	0	1	21689	5	0.99977	0.999999
318	V	0	1009	0	1	21693	4.6e-05	0.999999
319	K	0	1009	0	2	21692	9.2e-05	0.999999
319	R	1009	0	1	21692	2	0.999908	0.999999
320	S	0	1009	0	1	21693	4.6e-05	0.999999
320	D	0	1009	0	1	21693	4.6e-05	0.999999
320	N	1009	0	1	21691	3	0.999862	0.999999
320	I	0	1009	0	1	21693	4.6e-05	0.999999
321	F	0	1009	0	2	21692	9.2e-05	0.999999
321	A	0	1009	0	16	21678	0.000738	0.797814
321	T	0	1009	0	2	21692	9.2e-05	0.999999
321	I	48	961	0.047572	816	20878	0.037614	0.125557
321	V	961	48	0.952428	20858	836	0.961464	0.17158
322	Q	0	1009	0	2	21692	9.2e-05	0.999999
322	R	0	1009	0	1	21693	4.6e-05	0.999999
322	P	1009	0	1	21682	12	0.999447	0.96276
322	L	0	1009	0	9	21685	0.000415	0.999999
323	A	0	1009	0	1	21693	4.6e-05	0.999999
323	F	0	1009	0	7	21687	0.000323	0.999999
323	S	1009	0	1	21682	12	0.999447	0.96276
323	T	0	1009	0	1	21693	4.6e-05	0.999999
323	C	0	1009	0	2	21692	9.2e-05	0.999999
323	P	0	1009	0	1	21693	4.6e-05	0.999999
324	F	1	1008	0.000991	0	21694	0	0.02706
324	T	0	1009	0	1	21693	4.6e-05	0.999999
324	I	992	17	0.983152	21535	159	0.992671	0.001439
324	V	16	993	0.015857	158	21536	0.007283	0.004128
325	H	0	1009	0	1	21693	4.6e-05	0.999999
325	Q	1009	0	1	21688	6	0.999723	0.999999
325	R	0	1009	0	1	21693	4.6e-05	0.999999
325	K	0	1009	0	1	21693	4.6e-05	0.999999
325	L	0	1009	0	3	21691	0.000138	0.999999
326	A	0	1009	0	2	21692	9.2e-05	0.999999
326	F	0	1009	0	1	21693	4.6e-05	0.999999
326	S	1009	0	1	21680	14	0.999355	0.874031
326	T	0	1009	0	2	21692	9.2e-05	0.999999
326	P	0	1009	0	6	21688	0.000277	0.999999
326	Y	0	1009	0	3	21691	0.000138	0.999999
327	T	0	1009	0	4	21690	0.000184	0.999999
327	K	0	1009	0	17	21677	0.000784	0.763521
327	R	1009	0	1	21673	21	0.999032	0.646197
