Codon	AminoAcid	Count_AA_Egg	Count_nonAA_Egg	AlleleFreq_Egg	Count_AA_Other	Count_nonAA_Other	AlleleFreq_Other	Pvalue
1	N	0	574	0	1	1771	0.000564	0.999999
1	D	574	0	1	1771	1	0.999436	0.999999
2	A	1	573	0.001742	0	1772	0	0.55247
2	S	1	573	0.001742	0	1772	0	0.55247
2	T	572	2	0.996516	1772	0	1	0.096295
3	I	574	0	1	1770	2	0.998871	0.999999
3	V	0	574	0	2	1770	0.001129	0.999999
4	C	574	0	1	1772	0	1	NA
5	I	573	1	0.998258	1769	3	0.998307	0.999999
5	L	0	574	0	2	1770	0.001129	0.999999
5	V	1	573	0.001742	1	1771	0.000564	0.986009
6	A	0	574	0	1	1771	0.000564	0.999999
6	S	0	574	0	1	1771	0.000564	0.999999
6	G	574	0	1	1770	2	0.998871	0.999999
7	H	1	573	0.001742	3	1769	0.001693	0.999999
7	Y	573	1	0.998258	1769	3	0.998307	0.999999
8	H	574	0	1	1772	0	1	NA
9	A	573	1	0.998258	1772	0	1	0.55247
9	V	1	573	0.001742	0	1772	0	0.55247
10	T	0	574	0	1	1771	0.000564	0.999999
10	N	574	0	1	1771	1	0.999436	0.999999
11	N	574	0	1	1772	0	1	NA
12	F	1	573	0.001742	0	1772	0	0.55247
12	A	0	574	0	1	1771	0.000564	0.999999
12	S	573	1	0.998258	1771	1	0.999436	0.986009
13	T	574	0	1	1772	0	1	NA
14	D	574	0	1	1771	1	0.999436	0.999999
14	E	0	574	0	1	1771	0.000564	0.999999
15	S	0	574	0	1	1771	0.000564	0.999999
15	A	0	574	0	1	1771	0.000564	0.999999
15	T	574	0	1	1770	2	0.998871	0.999999
16	I	0	574	0	3	1769	0.001693	0.753151
16	V	574	0	1	1769	3	0.998307	0.753151
17	D	574	0	1	1772	0	1	NA
18	T	574	0	1	1772	0	1	NA
19	I	7	567	0.012195	1	1771	0.000564	0.000182
19	L	3	571	0.005226	0	1772	0	0.017632
19	V	564	10	0.982578	1771	1	0.999436	1e-06
20	F	3	571	0.005226	1	1771	0.000564	0.076573
20	L	571	3	0.994774	1771	1	0.999436	0.076573
21	G	0	574	0	1	1771	0.000564	0.999999
21	E	574	0	1	1771	1	0.999436	0.999999
22	R	0	574	0	1	1771	0.000564	0.999999
22	K	574	0	1	1771	1	0.999436	0.999999
23	D	0	574	0	1	1771	0.000564	0.999999
23	N	573	1	0.998258	1770	2	0.998871	0.999999
23	K	0	574	0	1	1771	0.000564	0.999999
23	Y	1	573	0.001742	0	1772	0	0.55247
24	G	0	574	0	1	1771	0.000564	0.999999
24	V	574	0	1	1771	1	0.999436	0.999999
25	A	3	571	0.005226	3	1769	0.001693	0.32646
25	S	0	574	0	1	1771	0.000564	0.999999
25	T	571	3	0.994774	1768	4	0.997743	0.488163
26	V	574	0	1	1772	0	1	NA
27	T	574	0	1	1772	0	1	NA
28	H	574	0	1	1771	1	0.999436	0.999999
28	P	0	574	0	1	1771	0.000564	0.999999
29	F	0	574	0	1	1771	0.000564	0.999999
29	S	574	0	1	1771	1	0.999436	0.999999
30	I	1	573	0.001742	2	1770	0.001129	0.999999
30	G	0	574	0	1	1771	0.000564	0.999999
30	V	573	1	0.998258	1769	3	0.998307	0.999999
31	D	0	574	0	1	1771	0.000564	0.999999
31	N	574	0	1	1771	1	0.999436	0.999999
32	W	0	574	0	1	1771	0.000564	0.999999
32	L	574	0	1	1771	1	0.999436	0.999999
33	P	0	574	0	1	1771	0.000564	0.999999
33	L	574	0	1	1769	3	0.998307	0.753151
33	V	0	574	0	2	1770	0.001129	0.999999
34	E	574	0	1	1772	0	1	NA
35	N	243	331	0.423345	735	1037	0.414786	0.754451
35	D	331	243	0.576655	1034	738	0.583521	0.809422
35	G	0	574	0	2	1770	0.001129	0.999999
35	E	0	574	0	1	1771	0.000564	0.999999
36	S	472	102	0.8223	1490	282	0.840858	0.327329
36	N	89	485	0.155052	251	1521	0.141648	0.46867
36	R	13	561	0.022648	22	1750	0.012415	0.118883
36	K	0	574	0	9	1763	0.005079	0.186073
37	H	574	0	1	1771	1	0.999436	0.999999
37	P	0	574	0	1	1771	0.000564	0.999999
38	N	574	0	1	1772	0	1	NA
39	R	0	574	0	1	1771	0.000564	0.999999
39	G	574	0	1	1771	1	0.999436	0.999999
40	R	2	572	0.003484	3	1769	0.001693	0.773274
40	K	572	2	0.996516	1769	3	0.998307	0.773274
41	L	574	0	1	1772	0	1	NA
42	C	574	0	1	1772	0	1	NA
43	K	35	539	0.060976	17	1755	0.009594	0
43	R	81	493	0.141115	148	1624	0.083521	7.5e-05
43	L	458	116	0.797909	1607	165	0.906885	0
44	L	574	0	1	1772	0	1	NA
45	N	0	574	0	2	1770	0.001129	0.999999
45	R	2	572	0.003484	0	1772	0	0.096295
45	K	572	2	0.996516	1770	2	0.998871	0.543952
46	G	574	0	1	1772	0	1	NA
47	T	17	557	0.029617	88	1684	0.049661	0.057119
47	M	0	574	0	1	1771	0.000564	0.999999
47	K	29	545	0.050523	105	1667	0.059255	0.496484
47	I	528	46	0.919861	1576	196	0.889391	0.044753
47	V	0	574	0	2	1770	0.001129	0.999999
48	A	573	1	0.998258	1769	3	0.998307	0.999999
48	T	0	574	0	1	1771	0.000564	0.999999
48	P	1	573	0.001742	1	1771	0.000564	0.986009
48	V	0	574	0	1	1771	0.000564	0.999999
49	P	574	0	1	1772	0	1	NA
50	I	1	573	0.001742	2	1770	0.001129	0.999999
50	L	573	1	0.998258	1770	2	0.998871	0.999999
51	Q	574	0	1	1772	0	1	NA
52	W	1	573	0.001742	0	1772	0	0.55247
52	L	573	1	0.998258	1772	0	1	0.55247
53	R	1	573	0.001742	1	1771	0.000564	0.986009
53	G	573	1	0.998258	1771	1	0.999436	0.986009
54	S	1	573	0.001742	2	1770	0.001129	0.999999
54	D	1	573	0.001742	1	1771	0.000564	0.986009
54	N	491	83	0.855401	1726	46	0.974041	0
54	K	81	493	0.141115	43	1729	0.024266	0
55	C	574	0	1	1772	0	1	NA
56	S	532	42	0.926829	1756	16	0.990971	0
56	T	0	574	0	1	1771	0.000564	0.999999
56	N	42	532	0.073171	15	1757	0.008465	0
57	I	106	468	0.184669	109	1663	0.061512	0
57	V	468	106	0.815331	1663	109	0.938488	0
58	A	571	3	0.994774	1771	1	0.999436	0.076573
58	T	2	572	0.003484	1	1771	0.000564	0.303299
58	I	1	573	0.001742	0	1772	0	0.55247
59	G	574	0	1	1772	0	1	NA
60	W	573	1	0.998258	1771	1	0.999436	0.986009
60	R	1	573	0.001742	0	1772	0	0.55247
60	G	0	574	0	1	1771	0.000564	0.999999
61	T	0	574	0	1	1771	0.000564	0.999999
61	I	551	23	0.95993	1747	25	0.985892	0.000263
61	L	18	556	0.031359	5	1767	0.002822	0
61	V	5	569	0.008711	19	1753	0.010722	0.859033
62	L	574	0	1	1772	0	1	NA
63	A	1	573	0.001742	0	1772	0	0.55247
63	G	573	1	0.998258	1772	0	1	0.55247
64	T	0	574	0	1	1771	0.000564	0.999999
64	N	574	0	1	1771	1	0.999436	0.999999
65	S	0	574	0	1	1771	0.000564	0.999999
65	P	574	0	1	1771	1	0.999436	0.999999
66	Q	0	574	0	1	1771	0.000564	0.999999
66	K	0	574	0	5	1767	0.002822	0.451265
66	G	1	573	0.001742	0	1772	0	0.55247
66	E	573	1	0.998258	1766	6	0.996614	0.851433
67	W	0	574	0	2	1770	0.001129	0.999999
67	C	574	0	1	1770	2	0.998871	0.999999
68	D	20	554	0.034843	5	1767	0.002822	0
68	G	22	552	0.038328	86	1686	0.048533	0.36844
68	E	532	42	0.926829	1681	91	0.948646	0.062814
69	S	123	451	0.214286	180	1592	0.10158	0
69	P	9	565	0.015679	4	1768	0.002257	0.000578
69	L	440	134	0.766551	1576	196	0.889391	0
69	V	2	572	0.003484	12	1760	0.006772	0.56391
70	Q	1	573	0.001742	0	1772	0	0.55247
70	L	573	1	0.998258	1772	0	1	0.55247
71	F	76	498	0.132404	154	1618	0.086907	0.001902
71	T	0	574	0	2	1770	0.001129	0.999999
71	M	1	573	0.001742	3	1769	0.001693	0.999999
71	N	0	574	0	2	1770	0.001129	0.999999
71	I	456	118	0.794425	1594	178	0.899549	0
71	L	39	535	0.067944	11	1761	0.006208	0
71	V	2	572	0.003484	6	1766	0.003386	0.999999
72	F	1	573	0.001742	3	1769	0.001693	0.999999
72	S	552	22	0.961672	1750	22	0.987585	0.000144
72	T	1	573	0.001742	0	1772	0	0.55247
72	P	20	554	0.034843	19	1753	0.010722	0.000183
73	A	10	564	0.017422	1	1771	0.000564	1e-06
73	N	11	563	0.019164	3	1769	0.001693	1e-05
73	R	19	555	0.033101	66	1706	0.037246	0.738859
73	K	518	56	0.902439	1697	75	0.957675	0
73	E	7	567	0.012195	1	1771	0.000564	0.000182
73	V	9	565	0.015679	4	1768	0.002257	0.000578
74	S	3	571	0.005226	0	1772	0	0.017632
74	D	0	574	0	3	1769	0.001693	0.753151
74	R	34	540	0.059233	10	1762	0.005643	0
74	K	54	520	0.094077	48	1724	0.027088	0
74	G	3	571	0.005226	3	1769	0.001693	0.32646
74	E	480	94	0.836237	1706	66	0.962754	0
74	V	0	574	0	2	1770	0.001129	0.999999
75	S	574	0	1	1758	14	0.992099	0.068128
75	T	0	574	0	14	1758	0.007901	0.068128
76	W	574	0	1	1772	0	1	NA
77	S	573	1	0.998258	1772	0	1	0.55247
77	Y	1	573	0.001742	0	1772	0	0.55247
78	Y	574	0	1	1772	0	1	NA
79	I	574	0	1	1770	2	0.998871	0.999999
79	V	0	574	0	2	1770	0.001129	0.999999
80	A	91	483	0.158537	159	1613	0.089729	4e-06
80	I	3	571	0.005226	11	1761	0.006208	0.999999
80	G	0	574	0	1	1771	0.000564	0.999999
80	V	480	94	0.836237	1601	171	0.903499	1.3e-05
81	K	0	574	0	4	1768	0.002257	0.577372
81	E	574	0	1	1768	4	0.997743	0.577372
82	A	1	573	0.001742	5	1767	0.002822	0.999999
82	T	226	348	0.393728	683	1089	0.38544	0.760407
82	N	1	573	0.001742	8	1764	0.004515	0.585474
82	I	5	569	0.008711	9	1763	0.005079	0.502812
82	R	40	534	0.069686	142	1630	0.080135	0.469337
82	K	301	273	0.52439	925	847	0.522009	0.959174
83	S	3	571	0.005226	1	1771	0.000564	0.076573
83	T	0	574	0	2	1770	0.001129	0.999999
83	P	571	3	0.994774	1769	3	0.998307	0.32646
84	S	2	572	0.003484	12	1760	0.006772	0.56391
84	D	1	573	0.001742	7	1765	0.00395	0.706323
84	N	571	3	0.994774	1750	22	0.987585	0.220968
84	K	0	574	0	2	1770	0.001129	0.999999
84	Y	0	574	0	1	1771	0.000564	0.999999
85	S	93	481	0.162021	57	1715	0.032167	0
85	Q	1	573	0.001742	0	1772	0	0.55247
85	T	0	574	0	1	1771	0.000564	0.999999
85	C	0	574	0	1	1771	0.000564	0.999999
85	P	480	94	0.836237	1713	59	0.966704	0
86	Q	1	573	0.001742	0	1772	0	0.55247
86	D	0	574	0	1	1771	0.000564	0.999999
86	K	3	571	0.005226	23	1749	0.01298	0.189287
86	G	1	573	0.001742	0	1772	0	0.55247
86	E	569	5	0.991289	1748	24	0.986456	0.488008
87	M	0	574	0	1	1771	0.000564	0.999999
87	D	0	574	0	2	1770	0.001129	0.999999
87	N	574	0	1	1769	3	0.998307	0.753151
88	G	574	0	1	1772	0	1	NA
89	A	9	565	0.015679	7	1765	0.00395	0.007458
89	T	552	22	0.961672	1760	12	0.993228	0
89	I	13	561	0.022648	5	1767	0.002822	8e-06
90	C	574	0	1	1772	0	1	NA
91	Y	574	0	1	1772	0	1	NA
92	F	0	574	0	1	1771	0.000564	0.999999
92	P	574	0	1	1771	1	0.999436	0.999999
93	G	574	0	1	1772	0	1	NA
94	H	340	234	0.592334	1060	712	0.598194	0.84166
94	Q	1	573	0.001742	6	1766	0.003386	0.851433
94	D	39	535	0.067944	10	1762	0.005643	0
94	N	1	573	0.001742	2	1770	0.001129	0.999999
94	R	0	574	0	1	1771	0.000564	0.999999
94	L	0	574	0	1	1771	0.000564	0.999999
94	Y	193	381	0.336237	692	1080	0.390519	0.022467
95	F	574	0	1	1772	0	1	NA
96	S	0	574	0	2	1770	0.001129	0.999999
96	A	545	29	0.949477	1754	18	0.989842	0
96	T	5	569	0.008711	8	1764	0.004515	0.393377
96	D	0	574	0	1	1771	0.000564	0.999999
96	I	24	550	0.041812	5	1767	0.002822	0
96	P	0	574	0	1	1771	0.000564	0.999999
96	V	0	574	0	1	1771	0.000564	0.999999
97	H	0	574	0	1	1771	0.000564	0.999999
97	N	5	569	0.008711	1	1771	0.000564	0.003939
97	D	568	6	0.989547	1768	4	0.997743	0.024398
97	G	1	573	0.001742	1	1771	0.000564	0.986009
97	Y	0	574	0	1	1771	0.000564	0.999999
98	Y	574	0	1	1772	0	1	NA
99	Q	0	574	0	1	1771	0.000564	0.999999
99	G	1	573	0.001742	2	1770	0.001129	0.999999
99	E	573	1	0.998258	1765	7	0.99605	0.706323
99	V	0	574	0	4	1768	0.002257	0.577372
100	E	574	0	1	1772	0	1	NA
101	L	574	0	1	1772	0	1	NA
102	K	3	571	0.005226	5	1767	0.002822	0.654852
102	R	571	3	0.994774	1767	5	0.997178	0.654852
103	E	574	0	1	1772	0	1	NA
104	H	0	574	0	4	1768	0.002257	0.577372
104	Q	574	0	1	1768	4	0.997743	0.577372
105	F	0	574	0	1	1771	0.000564	0.999999
105	L	574	0	1	1771	1	0.999436	0.999999
106	S	573	1	0.998258	1766	6	0.996614	0.851433
106	N	0	574	0	2	1770	0.001129	0.999999
106	R	0	574	0	1	1771	0.000564	0.999999
106	G	1	573	0.001742	3	1769	0.001693	0.999999
107	S	573	1	0.998258	1772	0	1	0.55247
107	T	1	573	0.001742	0	1772	0	0.55247
108	A	0	574	0	1	1771	0.000564	0.999999
108	I	1	573	0.001742	10	1762	0.005643	0.402275
108	L	1	573	0.001742	1	1771	0.000564	0.986009
108	V	572	2	0.996516	1760	12	0.993228	0.56391
109	S	572	2	0.996516	1772	0	1	0.096295
109	T	2	572	0.003484	0	1772	0	0.096295
110	S	574	0	1	1771	1	0.999436	0.999999
110	L	0	574	0	1	1771	0.000564	0.999999
111	F	565	9	0.984321	1768	4	0.997743	0.000578
111	L	9	565	0.015679	4	1768	0.002257	0.000578
112	K	0	574	0	10	1762	0.005643	0.151269
112	E	574	0	1	1762	10	0.994357	0.151269
113	K	1	573	0.001742	1	1771	0.000564	0.986009
113	R	573	1	0.998258	1770	2	0.998871	0.999999
113	G	0	574	0	1	1771	0.000564	0.999999
114	F	574	0	1	1772	0	1	NA
115	K	1	573	0.001742	0	1772	0	0.55247
115	E	573	1	0.998258	1772	0	1	0.55247
116	M	1	573	0.001742	4	1768	0.002257	0.999999
116	I	573	1	0.998258	1768	4	0.997743	0.999999
117	S	0	574	0	1	1771	0.000564	0.999999
117	F	574	0	1	1771	1	0.999436	0.999999
118	S	3	571	0.005226	0	1772	0	0.017632
118	P	571	3	0.994774	1772	0	1	0.017632
119	Q	1	573	0.001742	0	1772	0	0.55247
119	R	1	573	0.001742	1	1771	0.000564	0.986009
119	K	572	2	0.996516	1770	2	0.998871	0.543952
119	E	0	574	0	1	1771	0.000564	0.999999
120	A	1	573	0.001742	0	1772	0	0.55247
120	T	1	573	0.001742	0	1772	0	0.55247
120	D	2	572	0.003484	30	1742	0.01693	0.027338
120	K	0	574	0	4	1768	0.002257	0.577372
120	G	12	562	0.020906	165	1607	0.093115	0
120	E	558	16	0.972125	1573	199	0.887698	0
121	S	546	28	0.95122	1741	31	0.982506	6.1e-05
121	T	2	572	0.003484	0	1772	0	0.096295
121	N	2	572	0.003484	9	1763	0.005079	0.892967
121	R	24	550	0.041812	15	1757	0.008465	0
121	G	0	574	0	7	1765	0.00395	0.285605
122	A	4	570	0.006969	9	1763	0.005079	0.836359
122	S	569	5	0.991289	1763	9	0.994921	0.502812
122	L	1	573	0.001742	0	1772	0	0.55247
123	W	574	0	1	1772	0	1	NA
124	P	574	0	1	1772	0	1	NA
125	S	1	573	0.001742	9	1763	0.005079	0.485244
125	T	1	573	0.001742	1	1771	0.000564	0.986009
125	N	501	73	0.872822	1716	56	0.968397	0
125	K	67	507	0.116725	43	1729	0.024266	0
125	E	1	573	0.001742	0	1772	0	0.55247
125	Y	0	574	0	1	1771	0.000564	0.999999
125	H	1	573	0.001742	1	1771	0.000564	0.986009
125	D	2	572	0.003484	1	1771	0.000564	0.303299
126	H	574	0	1	1771	1	0.999436	0.999999
126	Y	0	574	0	1	1771	0.000564	0.999999
127	S	1	573	0.001742	1	1771	0.000564	0.986009
127	T	489	85	0.851916	1729	43	0.975734	0
127	D	0	574	0	1	1771	0.000564	0.999999
127	N	80	494	0.139373	39	1733	0.022009	0
127	I	3	571	0.005226	2	1770	0.001129	0.183684
127	E	1	573	0.001742	0	1772	0	0.55247
128	A	2	572	0.003484	18	1754	0.010158	0.211198
128	T	44	530	0.076655	34	1738	0.019187	0
128	I	16	558	0.027875	6	1766	0.003386	0
128	V	512	62	0.891986	1714	58	0.967269	0
129	F	3	571	0.005226	1	1771	0.000564	0.076573
129	A	1	573	0.001742	0	1772	0	0.55247
129	S	2	572	0.003484	1	1771	0.000564	0.303299
129	T	552	22	0.961672	1767	5	0.997178	0
129	D	1	573	0.001742	0	1772	0	0.55247
129	N	10	564	0.017422	3	1769	0.001693	4.3e-05
129	I	2	572	0.003484	0	1772	0	0.096295
129	L	3	571	0.005226	0	1772	0	0.017632
130	G	574	0	1	1772	0	1	NA
131	A	10	564	0.017422	30	1742	0.01693	0.999999
131	G	0	574	0	2	1770	0.001129	0.999999
131	V	564	10	0.982578	1740	32	0.981941	0.999999
132	S	455	119	0.792683	1603	169	0.904628	0
132	T	119	455	0.207317	169	1603	0.095372	0
133	S	0	574	0	1	1771	0.000564	0.999999
133	A	567	7	0.987805	1765	7	0.99605	0.055214
133	T	1	573	0.001742	1	1771	0.000564	0.986009
133	V	6	568	0.010453	5	1767	0.002822	0.048325
134	A	40	534	0.069686	11	1761	0.006208	0
134	S	534	40	0.930314	1761	11	0.993792	0
135	C	574	0	1	1772	0	1	NA
136	S	572	2	0.996516	1770	2	0.998871	0.543952
136	P	2	572	0.003484	2	1770	0.001129	0.543952
137	H	571	3	0.994774	1767	5	0.997178	0.654852
137	N	0	574	0	2	1770	0.001129	0.999999
137	R	1	573	0.001742	2	1770	0.001129	0.999999
137	L	1	573	0.001742	1	1771	0.000564	0.986009
137	Y	1	573	0.001742	0	1772	0	0.55247
138	A	24	550	0.041812	6	1766	0.003386	0
138	D	0	574	0	2	1770	0.001129	0.999999
138	N	484	90	0.843206	1721	51	0.971219	0
138	R	3	571	0.005226	1	1771	0.000564	0.076573
138	K	51	523	0.08885	39	1733	0.022009	0
138	G	3	571	0.005226	0	1772	0	0.017632
138	E	9	565	0.015679	3	1769	0.001693	0.000179
139	R	3	571	0.005226	0	1772	0	0.017632
139	K	5	569	0.008711	2	1770	0.001129	0.014116
139	G	566	8	0.986063	1770	2	0.998871	0.000195
140	A	1	573	0.001742	0	1772	0	0.55247
140	N	2	572	0.003484	0	1772	0	0.096295
140	R	5	569	0.008711	11	1761	0.006208	0.732716
140	K	263	311	0.458188	779	993	0.439616	0.46542
140	G	0	574	0	1	1771	0.000564	0.999999
140	E	303	271	0.527875	980	792	0.553047	0.31504
140	V	0	574	0	1	1771	0.000564	0.999999
141	S	545	29	0.949477	1643	129	0.927201	0.079271
141	C	2	572	0.003484	1	1771	0.000564	0.303299
141	N	23	551	0.04007	114	1658	0.064334	0.040152
141	R	4	570	0.006969	14	1758	0.007901	0.999999
142	S	574	0	1	1771	1	0.999436	0.999999
142	G	0	574	0	1	1771	0.000564	0.999999
143	F	574	0	1	1772	0	1	NA
144	Y	574	0	1	1772	0	1	NA
145	S	2	572	0.003484	2	1770	0.001129	0.543952
145	K	135	439	0.235192	445	1327	0.251129	0.475501
145	R	437	137	0.761324	1325	447	0.747743	0.54952
146	N	574	0	1	1772	0	1	NA
147	L	574	0	1	1772	0	1	NA
148	P	2	572	0.003484	0	1772	0	0.096295
148	I	1	573	0.001742	2	1770	0.001129	0.999999
148	L	567	7	0.987805	1770	2	0.998871	0.00084
148	V	4	570	0.006969	0	1772	0	0.003335
149	W	574	0	1	1772	0	1	NA
150	L	573	1	0.998258	1770	2	0.998871	0.999999
150	V	1	573	0.001742	2	1770	0.001129	0.999999
151	T	574	0	1	1772	0	1	NA
152	A	1	573	0.001742	0	1772	0	0.55247
152	M	0	574	0	1	1771	0.000564	0.999999
152	K	16	558	0.027875	2	1770	0.001129	0
152	R	9	565	0.015679	23	1749	0.01298	0.781305
152	G	429	145	0.747387	1569	203	0.88544	0
152	E	119	455	0.207317	176	1596	0.099323	0
152	V	0	574	0	1	1771	0.000564	0.999999
153	A	9	565	0.015679	2	1770	0.001129	4.4e-05
153	T	5	569	0.008711	2	1770	0.001129	0.014116
153	N	0	574	0	1	1771	0.000564	0.999999
153	R	1	573	0.001742	2	1770	0.001129	0.999999
153	K	558	16	0.972125	1765	7	0.99605	1e-06
153	E	1	573	0.001742	0	1772	0	0.55247
154	H	0	574	0	1	1771	0.000564	0.999999
154	D	11	563	0.019164	5	1767	0.002822	0.000121
154	N	544	30	0.947735	1755	17	0.990406	0
154	K	0	574	0	6	1766	0.003386	0.357327
154	G	6	568	0.010453	1	1771	0.000564	0.000853
154	E	13	561	0.022648	4	1768	0.002257	2e-06
155	S	3	571	0.005226	1	1771	0.000564	0.076573
155	D	9	565	0.015679	1	1771	0.000564	8e-06
155	G	562	12	0.979094	1770	2	0.998871	0
156	S	85	489	0.148084	43	1729	0.024266	0
156	W	1	573	0.001742	1	1771	0.000564	0.986009
156	L	488	86	0.850174	1728	44	0.975169	0
157	Y	574	0	1	1772	0	1	NA
158	S	1	573	0.001742	1	1771	0.000564	0.986009
158	Q	0	574	0	2	1770	0.001129	0.999999
158	P	573	1	0.998258	1769	3	0.998307	0.999999
159	A	1	573	0.001742	0	1772	0	0.55247
159	S	1	573	0.001742	10	1762	0.005643	0.402275
159	T	2	572	0.003484	6	1766	0.003386	0.999999
159	N	548	26	0.954704	1742	30	0.98307	0.000205
159	K	19	555	0.033101	12	1760	0.006772	4e-06
159	E	1	573	0.001742	0	1772	0	0.55247
159	H	1	573	0.001742	0	1772	0	0.55247
159	D	0	574	0	1	1771	0.000564	0.999999
159	I	1	573	0.001742	1	1771	0.000564	0.986009
160	L	574	0	1	1772	0	1	NA
161	S	548	26	0.954704	1754	18	0.989842	0
161	T	4	570	0.006969	1	1771	0.000564	0.017744
161	N	10	564	0.017422	2	1770	0.001129	9e-06
161	K	12	562	0.020906	4	1768	0.002257	9e-06
161	I	0	574	0	3	1769	0.001693	0.753151
161	R	0	574	0	7	1765	0.00395	0.285605
161	G	0	574	0	1	1771	0.000564	0.999999
162	M	13	561	0.022648	156	1616	0.088036	0
162	T	1	573	0.001742	0	1772	0	0.55247
162	N	29	545	0.050523	9	1763	0.005079	0
162	R	5	569	0.008711	6	1766	0.003386	0.203558
162	K	526	48	0.916376	1600	172	0.902935	0.380092
162	E	0	574	0	1	1771	0.000564	0.999999
163	F	0	574	0	1	1771	0.000564	0.999999
163	S	572	2	0.996516	1769	3	0.998307	0.773274
163	P	2	572	0.003484	2	1770	0.001129	0.543952
164	F	0	574	0	6	1766	0.003386	0.357327
164	H	0	574	0	1	1771	0.000564	0.999999
164	Y	574	0	1	1765	7	0.99605	0.285605
165	A	420	154	0.731707	1424	348	0.803612	0.000327
165	T	0	574	0	1	1771	0.000564	0.999999
165	K	0	574	0	3	1769	0.001693	0.753151
165	E	1	573	0.001742	1	1771	0.000564	0.986009
165	V	153	421	0.266551	343	1429	0.193567	0.000249
166	T	1	573	0.001742	1	1771	0.000564	0.986009
166	N	573	1	0.998258	1771	1	0.999436	0.986009
167	H	0	574	0	5	1767	0.002822	0.451265
167	S	0	574	0	2	1770	0.001129	0.999999
167	T	0	574	0	1	1771	0.000564	0.999999
167	D	4	570	0.006969	3	1769	0.001693	0.115544
167	N	547	27	0.952962	1726	46	0.974041	0.016871
167	K	23	551	0.04007	35	1737	0.019752	0.010173
168	Q	4	570	0.006969	1	1771	0.000564	0.017744
168	N	1	573	0.001742	0	1772	0	0.55247
168	I	1	573	0.001742	0	1772	0	0.55247
168	R	3	571	0.005226	5	1767	0.002822	0.654852
168	K	565	9	0.984321	1764	8	0.995485	0.013979
168	E	0	574	0	2	1770	0.001129	0.999999
169	D	1	573	0.001742	3	1769	0.001693	0.999999
169	R	1	573	0.001742	0	1772	0	0.55247
169	K	6	568	0.010453	28	1744	0.015801	0.464832
169	G	31	543	0.054007	78	1694	0.044018	0.382081
169	E	535	39	0.932056	1663	109	0.938488	0.651204
170	N	1	573	0.001742	0	1772	0	0.55247
170	R	0	574	0	2	1770	0.001129	0.999999
170	K	572	2	0.996516	1770	2	0.998871	0.543952
170	E	1	573	0.001742	0	1772	0	0.55247
171	K	0	574	0	3	1769	0.001693	0.753151
171	G	1	573	0.001742	0	1772	0	0.55247
171	E	573	1	0.998258	1768	4	0.997743	0.999999
171	V	0	574	0	1	1771	0.000564	0.999999
172	I	2	572	0.003484	5	1767	0.002822	0.999999
172	V	572	2	0.996516	1767	5	0.997178	0.999999
173	I	0	574	0	1	1771	0.000564	0.999999
173	L	574	0	1	1771	1	0.999436	0.999999
174	I	4	570	0.006969	23	1749	0.01298	0.342962
174	L	0	574	0	1	1771	0.000564	0.999999
174	V	570	4	0.993031	1748	24	0.986456	0.298503
175	M	0	574	0	2	1770	0.001129	0.999999
175	L	574	0	1	1769	3	0.998307	0.753151
175	V	0	574	0	1	1771	0.000564	0.999999
176	W	573	1	0.998258	1772	0	1	0.55247
176	R	1	573	0.001742	0	1772	0	0.55247
177	G	574	0	1	1772	0	1	NA
178	I	10	564	0.017422	11	1761	0.006208	0.02614
178	V	564	10	0.982578	1761	11	0.993792	0.02614
179	H	573	1	0.998258	1772	0	1	0.55247
179	R	1	573	0.001742	0	1772	0	0.55247
180	H	566	8	0.986063	1762	10	0.994357	0.088384
180	Q	1	573	0.001742	0	1772	0	0.55247
180	N	7	567	0.012195	9	1763	0.005079	0.131405
180	R	0	574	0	1	1771	0.000564	0.999999
181	S	0	574	0	4	1768	0.002257	0.577372
181	P	574	0	1	1768	4	0.997743	0.577372
182	S	125	449	0.21777	174	1598	0.098194	0
182	P	449	125	0.78223	1598	174	0.901806	0
183	H	1	573	0.001742	0	1772	0	0.55247
183	S	27	547	0.047038	81	1691	0.045711	0.986204
183	T	2	572	0.003484	7	1765	0.00395	0.999999
183	D	2	572	0.003484	12	1760	0.006772	0.56391
183	N	538	36	0.937282	1671	101	0.943002	0.685101
183	K	4	570	0.006969	1	1771	0.000564	0.017744
184	S	18	556	0.031359	5	1767	0.002822	0
184	T	2	572	0.003484	2	1770	0.001129	0.543952
184	M	2	572	0.003484	38	1734	0.021445	0.006866
184	R	0	574	0	1	1771	0.000564	0.999999
184	I	550	24	0.958188	1724	48	0.972912	0.101363
184	G	1	573	0.001742	0	1772	0	0.55247
184	V	1	573	0.001742	2	1770	0.001129	0.999999
185	A	19	555	0.033101	108	1664	0.060948	0.014037
185	S	14	560	0.02439	49	1723	0.027652	0.785905
185	W	0	574	0	2	1770	0.001129	0.999999
185	T	1	573	0.001742	0	1772	0	0.55247
185	N	8	566	0.013937	39	1733	0.022009	0.303891
185	K	20	554	0.034843	6	1766	0.003386	0
185	E	55	519	0.095819	35	1737	0.019752	0
185	V	42	532	0.073171	61	1711	0.034424	0.000133
185	D	4	570	0.006969	1	1771	0.000564	0.017744
185	R	16	558	0.027875	19	1753	0.010722	0.005996
185	I	1	573	0.001742	1	1771	0.000564	0.986009
185	G	394	180	0.686411	1451	321	0.818849	0
186	A	0	574	0	1	1771	0.000564	0.999999
186	N	158	416	0.275261	243	1529	0.137133	0
186	D	316	258	0.550523	1476	296	0.832957	0
186	I	1	573	0.001742	1	1771	0.000564	0.986009
186	G	32	542	0.055749	6	1766	0.003386	0
186	E	23	551	0.04007	4	1768	0.002257	0
186	V	44	530	0.076655	41	1731	0.023138	0
187	Q	574	0	1	1772	0	1	NA
188	S	1	573	0.001742	7	1765	0.00395	0.706323
188	Q	26	548	0.045296	6	1766	0.003386	0
188	T	0	574	0	1	1771	0.000564	0.999999
188	M	57	517	0.099303	228	1544	0.128668	0.072156
188	N	1	573	0.001742	14	1758	0.007901	0.191021
188	K	286	288	0.498258	793	979	0.447517	0.038293
188	R	203	371	0.353659	723	1049	0.408014	0.023429
189	S	7	567	0.012195	1	1771	0.000564	0.000182
189	A	339	235	0.590592	1178	594	0.664786	0.001464
189	T	218	356	0.379791	588	1184	0.331828	0.040133
189	N	9	565	0.015679	4	1768	0.002257	0.000578
189	G	1	573	0.001742	0	1772	0	0.55247
189	V	0	574	0	1	1771	0.000564	0.999999
190	F	0	574	0	1	1771	0.000564	0.999999
190	R	1	573	0.001742	0	1772	0	0.55247
190	I	95	479	0.165505	167	1605	0.094244	3e-06
190	L	477	97	0.83101	1602	170	0.904063	2e-06
190	V	1	573	0.001742	2	1770	0.001129	0.999999
191	Y	574	0	1	1772	0	1	NA
192	S	3	571	0.005226	1	1771	0.000564	0.076573
192	H	445	129	0.775261	1652	120	0.93228	0
192	Q	19	555	0.033101	7	1765	0.00395	0
192	N	4	570	0.006969	10	1762	0.005643	0.9629
192	R	101	473	0.175958	99	1673	0.055869	0
192	Y	2	572	0.003484	3	1769	0.001693	0.773274
193	A	0	574	0	1	1771	0.000564	0.999999
193	T	436	138	0.759582	1489	283	0.840293	1.5e-05
193	N	19	555	0.033101	6	1766	0.003386	0
193	K	119	455	0.207317	276	1496	0.155756	0.005032
194	A	1	573	0.001742	0	1772	0	0.55247
194	D	6	568	0.010453	0	1772	0	0.000126
194	G	3	571	0.005226	2	1770	0.001129	0.183684
194	E	561	13	0.977352	1770	2	0.998871	0
194	V	3	571	0.005226	0	1772	0	0.017632
195	S	1	573	0.001742	2	1770	0.001129	0.999999
195	D	1	573	0.001742	1	1771	0.000564	0.986009
195	N	571	3	0.994774	1768	4	0.997743	0.488163
195	I	0	574	0	1	1771	0.000564	0.999999
195	K	1	573	0.001742	0	1772	0	0.55247
196	A	573	1	0.998258	1769	3	0.998307	0.999999
196	T	1	573	0.001742	3	1769	0.001693	0.999999
197	F	0	574	0	1	1771	0.000564	0.999999
197	H	2	572	0.003484	7	1765	0.00395	0.999999
197	Y	572	2	0.996516	1764	8	0.995485	0.999999
198	I	2	572	0.003484	8	1764	0.004515	0.999999
198	V	572	2	0.996516	1764	8	0.995485	0.999999
199	F	0	574	0	1	1771	0.000564	0.999999
199	S	574	0	1	1770	2	0.998871	0.999999
199	T	0	574	0	1	1771	0.000564	0.999999
200	V	574	0	1	1772	0	1	NA
201	A	3	571	0.005226	1	1771	0.000564	0.076573
201	M	2	572	0.003484	3	1769	0.001693	0.773274
201	G	1	573	0.001742	0	1772	0	0.55247
201	L	1	573	0.001742	26	1746	0.014673	0.021497
201	V	567	7	0.987805	1742	30	0.98307	0.549452
202	F	0	574	0	1	1771	0.000564	0.999999
202	S	565	9	0.984321	1766	6	0.996614	0.003611
202	T	9	565	0.015679	4	1768	0.002257	0.000578
202	Y	0	574	0	1	1771	0.000564	0.999999
203	S	574	0	1	1765	7	0.99605	0.285605
203	T	0	574	0	6	1766	0.003386	0.357327
203	P	0	574	0	1	1771	0.000564	0.999999
204	H	522	52	0.909408	1748	24	0.986456	0
204	N	50	524	0.087108	23	1749	0.01298	0
204	R	1	573	0.001742	1	1771	0.000564	0.986009
204	K	1	573	0.001742	0	1772	0	0.55247
205	H	0	574	0	1	1771	0.000564	0.999999
205	Y	574	0	1	1771	1	0.999436	0.999999
206	S	481	93	0.837979	1718	54	0.969526	0
206	N	93	481	0.162021	54	1718	0.030474	0
207	K	3	571	0.005226	5	1767	0.002822	0.654852
207	R	570	4	0.993031	1767	5	0.997178	0.313284
207	G	1	573	0.001742	0	1772	0	0.55247
208	K	342	232	0.595819	1076	696	0.607223	0.662445
208	R	232	342	0.404181	696	1076	0.392777	0.662445
209	F	574	0	1	1772	0	1	NA
210	T	571	3	0.994774	1762	10	0.994357	0.999999
210	N	1	573	0.001742	5	1767	0.002822	0.999999
210	I	2	572	0.003484	5	1767	0.002822	0.999999
211	S	0	574	0	1	1771	0.000564	0.999999
211	P	574	0	1	1771	1	0.999436	0.999999
212	E	574	0	1	1772	0	1	NA
213	M	0	574	0	1	1771	0.000564	0.999999
213	I	570	4	0.993031	1756	16	0.990971	0.837164
213	V	4	570	0.006969	15	1757	0.008465	0.936465
214	S	1	573	0.001742	1	1771	0.000564	0.986009
214	A	560	14	0.97561	1721	51	0.971219	0.681275
214	T	8	566	0.013937	43	1729	0.024266	0.190145
214	V	5	569	0.008711	7	1765	0.00395	0.292391
215	A	7	567	0.012195	1	1771	0.000564	0.000182
215	Q	0	574	0	3	1769	0.001693	0.753151
215	T	0	574	0	1	1771	0.000564	0.999999
215	R	0	574	0	13	1759	0.007336	0.082861
215	K	530	44	0.923345	1737	35	0.980248	0
215	G	0	574	0	1	1771	0.000564	0.999999
215	E	37	537	0.06446	16	1756	0.009029	0
216	R	574	0	1	1772	0	1	NA
217	P	574	0	1	1772	0	1	NA
218	K	573	1	0.998258	1772	0	1	0.55247
218	E	1	573	0.001742	0	1772	0	0.55247
219	I	1	573	0.001742	12	1760	0.006772	0.276877
219	V	573	1	0.998258	1760	12	0.993228	0.276877
220	K	5	569	0.008711	0	1772	0	0.000644
220	R	569	5	0.991289	1772	0	1	0.000644
221	N	44	530	0.076655	40	1732	0.022573	0
221	D	473	101	0.824042	1696	76	0.957111	0
221	G	57	517	0.099303	36	1736	0.020316	0
222	Q	551	23	0.95993	1767	5	0.997178	0
222	R	23	551	0.04007	5	1767	0.002822	0
223	S	1	573	0.001742	0	1772	0	0.55247
223	A	35	539	0.060976	16	1756	0.009029	0
223	T	1	573	0.001742	0	1772	0	0.55247
223	P	7	567	0.012195	1	1771	0.000564	0.000182
223	K	6	568	0.010453	2	1770	0.001129	0.003517
223	E	521	53	0.907666	1750	22	0.987585	0
223	H	3	571	0.005226	1	1771	0.000564	0.076573
223	D	0	574	0	1	1771	0.000564	0.999999
223	R	0	574	0	1	1771	0.000564	0.999999
224	G	574	0	1	1772	0	1	NA
225	R	574	0	1	1772	0	1	NA
226	M	34	540	0.059233	7	1765	0.00395	0
226	I	540	34	0.940767	1765	7	0.99605	0
227	H	0	574	0	1	1771	0.000564	0.999999
227	S	1	573	0.001742	6	1766	0.003386	0.851433
227	N	573	1	0.998258	1765	7	0.99605	0.706323
228	Y	574	0	1	1772	0	1	NA
229	H	0	574	0	1	1771	0.000564	0.999999
229	Y	574	0	1	1771	1	0.999436	0.999999
230	W	574	0	1	1772	0	1	NA
231	T	574	0	1	1769	3	0.998307	0.753151
231	N	0	574	0	2	1770	0.001129	0.999999
231	I	0	574	0	1	1771	0.000564	0.999999
232	M	0	574	0	3	1769	0.001693	0.753151
232	I	0	574	0	1	1771	0.000564	0.999999
232	L	574	0	1	1768	4	0.997743	0.577372
233	I	1	573	0.001742	0	1772	0	0.55247
233	L	573	1	0.998258	1772	0	1	0.55247
234	K	13	561	0.022648	6	1766	0.003386	2.5e-05
234	G	0	574	0	3	1769	0.001693	0.753151
234	E	561	13	0.977352	1763	9	0.994921	0.00039
235	A	0	574	0	1	1771	0.000564	0.999999
235	S	0	574	0	2	1770	0.001129	0.999999
235	P	574	0	1	1769	3	0.998307	0.753151
236	W	0	574	0	1	1771	0.000564	0.999999
236	R	7	567	0.012195	37	1735	0.02088	0.247654
236	G	566	8	0.986063	1730	42	0.976298	0.214407
236	E	1	573	0.001742	4	1768	0.002257	0.999999
237	D	566	8	0.986063	1771	1	0.999436	3.8e-05
237	E	8	566	0.013937	1	1771	0.000564	3.8e-05
238	S	0	574	0	2	1770	0.001129	0.999999
238	A	0	574	0	1	1771	0.000564	0.999999
238	T	567	7	0.987805	1767	5	0.997178	0.016424
238	K	7	567	0.012195	2	1770	0.001129	0.00084
239	I	574	0	1	1770	2	0.998871	0.999999
239	L	0	574	0	1	1771	0.000564	0.999999
239	V	0	574	0	1	1771	0.000564	0.999999
240	M	4	570	0.006969	5	1767	0.002822	0.313284
240	T	1	573	0.001742	2	1770	0.001129	0.999999
240	I	567	7	0.987805	1765	7	0.99605	0.055214
240	L	1	573	0.001742	0	1772	0	0.55247
240	V	1	573	0.001742	0	1772	0	0.55247
241	F	574	0	1	1770	2	0.998871	0.999999
241	L	0	574	0	2	1770	0.001129	0.999999
242	K	1	573	0.001742	0	1772	0	0.55247
242	E	573	1	0.998258	1772	0	1	0.55247
243	A	572	2	0.996516	1769	3	0.998307	0.773274
243	T	2	572	0.003484	3	1769	0.001693	0.773274
244	S	10	564	0.017422	32	1740	0.018059	0.999999
244	T	11	563	0.019164	2	1770	0.001129	2e-06
244	N	553	21	0.963415	1738	34	0.980813	0.025385
245	G	574	0	1	1772	0	1	NA
246	D	1	573	0.001742	0	1772	0	0.55247
246	N	573	1	0.998258	1772	0	1	0.55247
247	I	0	574	0	1	1771	0.000564	0.999999
247	L	574	0	1	1771	1	0.999436	0.999999
248	I	573	1	0.998258	1772	0	1	0.55247
248	V	1	573	0.001742	0	1772	0	0.55247
249	A	573	1	0.998258	1772	0	1	0.55247
249	V	1	573	0.001742	0	1772	0	0.55247
250	P	573	1	0.998258	1772	0	1	0.55247
250	G	1	573	0.001742	0	1772	0	0.55247
251	M	9	565	0.015679	3	1769	0.001693	0.000179
251	W	149	425	0.259582	390	1382	0.22009	0.057744
251	R	416	158	0.724739	1379	393	0.778217	0.010166
252	H	8	566	0.013937	7	1765	0.00395	0.021016
252	F	55	519	0.095819	184	1588	0.103837	0.636503
252	I	0	574	0	1	1771	0.000564	0.999999
252	Y	511	63	0.890244	1580	192	0.891648	0.986618
253	A	574	0	1	1771	1	0.999436	0.999999
253	R	0	574	0	1	1771	0.000564	0.999999
254	F	574	0	1	1770	2	0.998871	0.999999
254	L	0	574	0	2	1770	0.001129	0.999999
255	A	571	3	0.994774	1769	3	0.998307	0.32646
255	T	3	571	0.005226	2	1770	0.001129	0.183684
255	V	0	574	0	1	1771	0.000564	0.999999
256	P	0	574	0	1	1771	0.000564	0.999999
256	L	574	0	1	1771	1	0.999436	0.999999
257	S	565	9	0.984321	1751	21	0.988149	0.620061
257	N	9	565	0.015679	18	1754	0.010158	0.393799
257	I	0	574	0	1	1771	0.000564	0.999999
257	G	0	574	0	2	1770	0.001129	0.999999
258	K	1	573	0.001742	9	1763	0.005079	0.485244
258	R	573	1	0.998258	1762	10	0.994357	0.402275
258	G	0	574	0	1	1771	0.000564	0.999999
259	A	0	574	0	1	1771	0.000564	0.999999
259	S	0	574	0	4	1768	0.002257	0.577372
259	D	1	573	0.001742	4	1768	0.002257	0.999999
259	G	573	1	0.998258	1763	9	0.994921	0.485244
260	S	2	572	0.003484	4	1768	0.002257	0.975749
260	F	556	18	0.968641	1744	28	0.984199	0.030524
260	P	4	570	0.006969	1	1771	0.000564	0.017744
260	I	1	573	0.001742	0	1772	0	0.55247
260	L	11	563	0.019164	20	1752	0.011287	0.220175
260	V	0	574	0	3	1769	0.001693	0.753151
261	R	1	573	0.001742	1	1771	0.000564	0.986009
261	G	559	15	0.973868	1766	6	0.996614	1e-06
261	E	14	560	0.02439	5	1767	0.002822	2e-06
262	S	573	1	0.998258	1770	2	0.998871	0.999999
262	K	1	573	0.001742	0	1772	0	0.55247
262	P	0	574	0	1	1771	0.000564	0.999999
262	L	0	574	0	1	1771	0.000564	0.999999
263	S	1	573	0.001742	0	1772	0	0.55247
263	R	0	574	0	1	1771	0.000564	0.999999
263	G	573	1	0.998258	1769	3	0.998307	0.999999
263	E	0	574	0	2	1770	0.001129	0.999999
264	I	574	0	1	1770	2	0.998871	0.999999
264	L	0	574	0	1	1771	0.000564	0.999999
264	V	0	574	0	1	1771	0.000564	0.999999
265	I	574	0	1	1772	0	1	NA
266	S	0	574	0	1	1771	0.000564	0.999999
266	T	232	342	0.404181	670	1102	0.378104	0.28606
266	N	340	234	0.592334	1076	696	0.607223	0.558751
266	I	2	572	0.003484	25	1747	0.014108	0.064477
267	S	574	0	1	1772	0	1	NA
268	T	0	574	0	2	1770	0.001129	0.999999
268	D	2	572	0.003484	3	1769	0.001693	0.773274
268	N	571	3	0.994774	1765	7	0.99605	0.968668
268	K	1	573	0.001742	2	1770	0.001129	0.999999
269	A	574	0	1	1767	5	0.997178	0.451265
269	T	0	574	0	1	1771	0.000564	0.999999
269	V	0	574	0	4	1768	0.002257	0.577372
270	S	115	459	0.200348	178	1594	0.100451	0
270	Q	1	573	0.001742	0	1772	0	0.55247
270	T	0	574	0	2	1770	0.001129	0.999999
270	P	458	116	0.797909	1592	180	0.89842	0
271	T	0	574	0	1	1771	0.000564	0.999999
271	M	570	4	0.993031	1766	6	0.996614	0.437484
271	I	1	573	0.001742	4	1768	0.002257	0.999999
271	L	2	572	0.003484	0	1772	0	0.096295
271	V	1	573	0.001742	1	1771	0.000564	0.986009
272	S	0	574	0	1	1771	0.000564	0.999999
272	H	26	548	0.045296	6	1766	0.003386	0
272	A	1	573	0.001742	0	1772	0	0.55247
272	N	16	558	0.027875	15	1757	0.008465	0.000871
272	D	481	93	0.837979	1527	245	0.861738	0.180118
272	G	50	524	0.087108	221	1551	0.124718	0.017556
272	E	0	574	0	2	1770	0.001129	0.999999
273	D	2	572	0.003484	11	1761	0.006208	0.659643
273	N	0	574	0	1	1771	0.000564	0.999999
273	K	241	333	0.419861	751	1021	0.423815	0.906019
273	G	0	574	0	6	1766	0.003386	0.357327
273	E	331	243	0.576655	1002	770	0.565463	0.673016
273	V	0	574	0	1	1771	0.000564	0.999999
274	W	0	574	0	1	1771	0.000564	0.999999
274	C	574	0	1	1771	1	0.999436	0.999999
275	N	22	552	0.038328	11	1761	0.006208	0
275	D	551	23	0.95993	1760	12	0.993228	0
275	E	1	573	0.001742	1	1771	0.000564	0.986009
276	S	0	574	0	3	1769	0.001693	0.753151
276	A	521	53	0.907666	1745	27	0.984763	0
276	T	53	521	0.092334	24	1748	0.013544	0
277	T	0	574	0	2	1770	0.001129	0.999999
277	K	573	1	0.998258	1770	2	0.998871	0.999999
277	E	1	573	0.001742	0	1772	0	0.55247
278	C	574	0	1	1772	0	1	NA
279	Q	574	0	1	1772	0	1	NA
280	T	574	0	1	1771	1	0.999436	0.999999
280	P	0	574	0	1	1771	0.000564	0.999999
281	P	574	0	1	1772	0	1	NA
282	H	3	571	0.005226	2	1770	0.001129	0.183684
282	Q	559	15	0.973868	1753	19	0.989278	0.012993
282	R	1	573	0.001742	3	1769	0.001693	0.999999
282	K	0	574	0	9	1763	0.005079	0.186073
282	L	11	563	0.019164	5	1767	0.002822	0.000121
283	G	574	0	1	1772	0	1	NA
284	S	3	571	0.005226	1	1771	0.000564	0.076573
284	A	571	3	0.994774	1771	1	0.999436	0.076573
285	M	0	574	0	4	1768	0.002257	0.577372
285	I	574	0	1	1768	4	0.997743	0.577372
286	N	574	0	1	1772	0	1	NA
287	S	572	2	0.996516	1770	2	0.998871	0.543952
287	N	2	572	0.003484	2	1770	0.001129	0.543952
288	S	571	3	0.994774	1770	2	0.998871	0.183684
288	N	3	571	0.005226	2	1770	0.001129	0.183684
289	F	1	573	0.001742	0	1772	0	0.55247
289	R	2	572	0.003484	1	1771	0.000564	0.303299
289	L	571	3	0.994774	1771	1	0.999436	0.076573
290	P	574	0	1	1772	0	1	NA
291	F	565	9	0.984321	1769	3	0.998307	0.000179
291	Y	9	565	0.015679	3	1769	0.001693	0.000179
292	Q	574	0	1	1772	0	1	NA
293	N	574	0	1	1772	0	1	NA
294	A	0	574	0	1	1771	0.000564	0.999999
294	I	49	525	0.085366	22	1750	0.012415	0
294	V	525	49	0.914634	1749	23	0.98702	0
295	H	574	0	1	1772	0	1	NA
296	P	574	0	1	1772	0	1	NA
297	F	2	572	0.003484	0	1772	0	0.096295
297	A	0	574	0	1	1771	0.000564	0.999999
297	I	3	571	0.005226	3	1769	0.001693	0.32646
297	V	569	5	0.991289	1768	4	0.997743	0.074223
298	T	574	0	1	1772	0	1	NA
299	I	574	0	1	1769	3	0.998307	0.753151
299	V	0	574	0	3	1769	0.001693	0.753151
300	G	574	0	1	1772	0	1	NA
301	G	0	574	0	3	1769	0.001693	0.753151
301	E	574	0	1	1769	3	0.998307	0.753151
302	W	0	574	0	1	1771	0.000564	0.999999
302	C	574	0	1	1771	1	0.999436	0.999999
303	P	574	0	1	1772	0	1	NA
304	N	1	573	0.001742	0	1772	0	0.55247
304	R	0	574	0	1	1771	0.000564	0.999999
304	K	573	1	0.998258	1771	1	0.999436	0.986009
305	S	0	574	0	1	1771	0.000564	0.999999
305	Y	574	0	1	1771	1	0.999436	0.999999
306	I	0	574	0	2	1770	0.001129	0.999999
306	V	574	0	1	1770	2	0.998871	0.999999
307	K	4	570	0.006969	5	1767	0.002822	0.313284
307	R	570	4	0.993031	1767	5	0.997178	0.313284
308	S	574	0	1	1772	0	1	NA
309	S	0	574	0	4	1768	0.002257	0.577372
309	A	456	118	0.794425	1572	200	0.887133	0
309	T	118	456	0.205575	195	1577	0.110045	0
309	K	0	574	0	1	1771	0.000564	0.999999
310	N	0	574	0	1	1771	0.000564	0.999999
310	R	1	573	0.001742	0	1772	0	0.55247
310	K	573	1	0.998258	1771	1	0.999436	0.986009
311	L	574	0	1	1772	0	1	NA
312	K	1	573	0.001742	0	1772	0	0.55247
312	R	573	1	0.998258	1772	0	1	0.55247
313	M	574	0	1	1767	5	0.997178	0.451265
313	I	0	574	0	3	1769	0.001693	0.753151
313	V	0	574	0	2	1770	0.001129	0.999999
314	A	20	554	0.034843	82	1690	0.046275	0.293941
314	G	1	573	0.001742	1	1771	0.000564	0.986009
314	V	553	21	0.963415	1689	83	0.95316	0.357213
315	T	574	0	1	1771	1	0.999436	0.999999
315	K	0	574	0	1	1771	0.000564	0.999999
316	G	574	0	1	1772	0	1	NA
317	P	1	573	0.001742	0	1772	0	0.55247
317	L	573	1	0.998258	1771	1	0.999436	0.986009
317	V	0	574	0	1	1771	0.000564	0.999999
318	S	0	574	0	1	1771	0.000564	0.999999
318	T	0	574	0	1	1771	0.000564	0.999999
318	K	1	573	0.001742	1	1771	0.000564	0.986009
318	R	573	1	0.998258	1769	3	0.998307	0.999999
319	S	1	573	0.001742	0	1772	0	0.55247
319	D	1	573	0.001742	0	1772	0	0.55247
319	N	572	2	0.996516	1772	0	1	0.096295
320	T	2	572	0.003484	2	1770	0.001129	0.543952
320	I	571	3	0.994774	1747	25	0.985892	0.138367
320	V	1	573	0.001742	23	1749	0.01298	0.036915
321	P	574	0	1	1771	1	0.999436	0.999999
321	L	0	574	0	1	1771	0.000564	0.999999
322	F	0	574	0	2	1770	0.001129	0.999999
322	S	574	0	1	1770	2	0.998871	0.999999
323	I	571	3	0.994774	1770	2	0.998871	0.183684
323	V	3	571	0.005226	2	1770	0.001129	0.183684
324	H	1	573	0.001742	0	1772	0	0.55247
324	Q	572	2	0.996516	1772	0	1	0.096295
324	R	1	573	0.001742	0	1772	0	0.55247
325	F	0	574	0	1	1771	0.000564	0.999999
325	S	572	2	0.996516	1769	3	0.998307	0.773274
325	T	0	574	0	1	1771	0.000564	0.999999
325	Y	2	572	0.003484	1	1771	0.000564	0.303299
326	T	0	574	0	1	1771	0.000564	0.999999
326	K	0	574	0	1	1771	0.000564	0.999999
326	R	574	0	1	1770	2	0.998871	0.999999
327	S	0	574	0	7	1765	0.00395	0.285605
327	G	574	0	1	1765	7	0.99605	0.285605
