Codon	AminoAcid	Count_AA_Egg	Count_nonAA_Egg	AlleleFreq_Egg	Count_AA_Other	Count_nonAA_Other	AlleleFreq_Other	Pvalue
1	H	1	660	0.001513	2	18692	0.000107	0.206277
1	S	0	661	0	1	18693	5.3e-05	0.999999
1	Q	657	4	0.993949	18673	21	0.998877	0.003546
1	K	3	658	0.004539	9	18685	0.000481	0.000889
1	R	0	661	0	4	18690	0.000214	0.999999
1	L	0	661	0	5	18689	0.000267	0.999999
2	N	12	649	0.018154	58	18636	0.003103	0
2	K	633	28	0.95764	18362	332	0.98224	8e-06
2	Y	1	660	0.001513	0	18694	0	0.010315
2	E	2	659	0.003026	213	18481	0.011394	0.067457
2	Q	0	661	0	8	18686	0.000428	0.999999
2	D	13	648	0.019667	45	18649	0.002407	0
2	R	0	661	0	7	18687	0.000374	0.999999
2	G	0	661	0	1	18693	5.3e-05	0.999999
3	F	4	657	0.006051	125	18569	0.006687	0.999999
3	S	0	661	0	5	18689	0.000267	0.999999
3	T	0	661	0	13	18681	0.000695	0.999999
3	N	0	661	0	2	18692	0.000107	0.999999
3	P	0	661	0	9	18685	0.000481	0.999999
3	V	0	661	0	14	18680	0.000749	0.999999
3	H	0	661	0	3	18691	0.00016	0.999999
3	R	0	661	0	1	18693	5.3e-05	0.999999
3	I	90	571	0.136157	6085	12609	0.325506	0
3	L	567	94	0.857791	12437	6257	0.665294	0
4	H	0	661	0	7	18687	0.000374	0.999999
4	S	0	661	0	9	18685	0.000481	0.999999
4	T	0	661	0	6	18688	0.000321	0.999999
4	P	661	0	1	18670	24	0.998716	0.719247
4	L	0	661	0	2	18692	0.000107	0.999999
5	A	0	661	0	1	18693	5.3e-05	0.999999
5	W	0	661	0	1	18693	5.3e-05	0.999999
5	R	2	659	0.003026	15	18679	0.000802	0.219312
5	G	646	15	0.977307	18067	627	0.96646	0.155611
5	E	11	650	0.016641	463	18231	0.024767	0.23001
5	V	2	659	0.003026	147	18547	0.007863	0.241136
6	S	0	661	0	14	18680	0.000749	0.999999
6	H	0	661	0	3	18691	0.00016	0.999999
6	T	0	661	0	2	18692	0.000107	0.999999
6	D	2	659	0.003026	39	18655	0.002086	0.931543
6	N	652	9	0.986384	18503	191	0.989783	0.513452
6	I	7	654	0.01059	130	18564	0.006954	0.389901
6	K	0	661	0	2	18692	0.000107	0.999999
6	Y	0	661	0	1	18693	5.3e-05	0.999999
7	N	1	660	0.001513	18	18676	0.000963	0.999999
7	D	660	1	0.998487	18638	56	0.997004	0.744269
7	G	0	661	0	9	18685	0.000481	0.999999
7	E	0	661	0	16	18678	0.000856	0.949028
7	Y	0	661	0	13	18681	0.000695	0.999999
8	H	0	661	0	3	18691	0.00016	0.999999
8	S	0	661	0	5	18689	0.000267	0.999999
8	T	0	661	0	1	18693	5.3e-05	0.999999
8	D	2	659	0.003026	144	18550	0.007703	0.255464
8	N	659	2	0.996974	18527	167	0.991067	0.163998
8	K	0	661	0	14	18680	0.000749	0.999999
9	S	653	8	0.987897	18629	65	0.996523	0.001226
9	N	8	653	0.012103	40	18654	0.00214	3e-06
9	R	0	661	0	13	18681	0.000695	0.999999
9	I	0	661	0	2	18692	0.000107	0.999999
9	G	0	661	0	10	18684	0.000535	0.999999
10	S	0	661	0	2	18692	0.000107	0.999999
10	A	0	661	0	19	18675	0.001016	0.850759
10	T	659	2	0.996974	18557	137	0.992671	0.29225
10	N	0	661	0	1	18693	5.3e-05	0.999999
10	P	0	661	0	2	18692	0.000107	0.999999
10	K	0	661	0	10	18684	0.000535	0.999999
10	M	2	659	0.003026	98	18596	0.005242	0.613426
10	R	0	661	0	5	18689	0.000267	0.999999
11	A	661	0	1	18691	3	0.99984	0.999999
11	T	0	661	0	2	18692	0.000107	0.999999
11	P	0	661	0	1	18693	5.3e-05	0.999999
12	A	0	661	0	1	18693	5.3e-05	0.999999
12	M	0	661	0	26	18668	0.001391	0.67508
12	T	661	0	1	18656	38	0.997967	0.475688
12	K	0	661	0	11	18683	0.000588	0.999999
13	P	0	661	0	1	18693	5.3e-05	0.999999
13	L	661	0	1	18693	1	0.999947	0.999999
14	C	661	0	1	18694	0	1	NA
15	S	1	660	0.001513	1	18693	5.3e-05	0.092792
15	F	0	661	0	2	18692	0.000107	0.999999
15	I	2	659	0.003026	8	18686	0.000428	0.043628
15	L	658	3	0.995461	18682	12	0.999358	0.004699
15	V	0	661	0	1	18693	5.3e-05	0.999999
16	R	0	661	0	1	18693	5.3e-05	0.999999
16	G	661	0	1	18693	1	0.999947	0.999999
17	H	660	1	0.998487	18692	2	0.999893	0.206277
17	R	1	660	0.001513	2	18692	0.000107	0.206277
18	H	661	0	1	18685	9	0.999519	0.999999
18	Q	0	661	0	1	18693	5.3e-05	0.999999
18	Y	0	661	0	8	18686	0.000428	0.999999
19	S	7	654	0.01059	10	18684	0.000535	0
19	A	654	7	0.98941	18684	10	0.999465	0
20	I	0	661	0	3	18691	0.00016	0.999999
20	L	0	661	0	1	18693	5.3e-05	0.999999
20	V	661	0	1	18690	4	0.999786	0.999999
21	S	3	658	0.004539	15	18679	0.000802	0.014371
21	Q	0	661	0	25	18669	0.001337	0.696651
21	T	0	661	0	1	18693	5.3e-05	0.999999
21	R	1	660	0.001513	0	18694	0	0.010315
21	P	656	5	0.992436	18651	43	0.9977	0.022825
21	L	1	660	0.001513	2	18692	0.000107	0.206277
22	T	0	661	0	1	18693	5.3e-05	0.999999
22	D	0	661	0	1	18693	5.3e-05	0.999999
22	N	661	0	1	18690	4	0.999786	0.999999
22	K	0	661	0	2	18692	0.000107	0.999999
23	G	661	0	1	18694	0	1	NA
24	A	0	661	0	1	18693	5.3e-05	0.999999
24	M	0	661	0	2	18692	0.000107	0.999999
24	T	661	0	1	18691	3	0.99984	0.999999
25	M	3	658	0.004539	69	18625	0.003691	0.978683
25	T	0	661	0	6	18688	0.000321	0.999999
25	I	466	195	0.704992	17298	1396	0.925324	0
25	L	189	472	0.28593	1231	17463	0.06585	0
25	V	3	658	0.004539	90	18604	0.004814	0.999999
26	V	661	0	1	18694	0	1	NA
27	T	0	661	0	1	18693	5.3e-05	0.999999
27	N	0	661	0	1	18693	5.3e-05	0.999999
27	R	1	660	0.001513	28	18666	0.001498	0.999999
27	K	660	1	0.998487	18662	32	0.998288	0.999999
27	E	0	661	0	2	18692	0.000107	0.999999
28	A	1	660	0.001513	2	18692	0.000107	0.206277
28	T	660	1	0.998487	18692	2	0.999893	0.206277
29	I	661	0	1	18692	2	0.999893	0.999999
29	L	0	661	0	2	18692	0.000107	0.999999
30	A	0	661	0	30	18664	0.001605	0.597698
30	M	0	661	0	7	18687	0.000374	0.999999
30	T	661	0	1	18657	37	0.998021	0.48902
31	H	0	661	0	3	18691	0.00016	0.999999
31	S	2	659	0.003026	290	18404	0.015513	0.015264
31	D	5	656	0.007564	75	18619	0.004012	0.275465
31	N	653	8	0.987897	18324	370	0.980208	0.207282
31	K	1	660	0.001513	1	18693	5.3e-05	0.092792
31	Y	0	661	0	1	18693	5.3e-05	0.999999
32	N	0	661	0	4	18690	0.000214	0.999999
32	D	657	4	0.993949	18660	34	0.998181	0.048954
32	G	0	661	0	8	18686	0.000428	0.999999
32	E	4	657	0.006051	22	18672	0.001177	0.004765
33	H	2	659	0.003026	134	18560	0.007168	0.30957
33	Q	435	226	0.658094	7299	11395	0.390446	0
33	N	0	661	0	11	18683	0.000588	0.999999
33	K	0	661	0	5	18689	0.000267	0.999999
33	R	224	437	0.33888	11243	7451	0.601423	0
33	Y	0	661	0	1	18693	5.3e-05	0.999999
33	L	0	661	0	1	18693	5.3e-05	0.999999
34	T	0	661	0	3	18691	0.00016	0.999999
34	I	659	2	0.996974	18674	20	0.99893	0.379205
34	L	0	661	0	3	18691	0.00016	0.999999
34	V	2	659	0.003026	14	18680	0.000749	0.189129
35	G	1	660	0.001513	0	18694	0	0.010315
35	E	660	1	0.998487	18694	0	1	0.010315
36	M	1	660	0.001513	1	18693	5.3e-05	0.092792
36	L	0	661	0	1	18693	5.3e-05	0.999999
36	V	660	1	0.998487	18692	2	0.999893	0.206277
37	T	661	0	1	18693	1	0.999947	0.999999
37	I	0	661	0	1	18693	5.3e-05	0.999999
38	S	0	661	0	2	18692	0.000107	0.999999
38	H	0	661	0	1	18693	5.3e-05	0.999999
38	T	0	661	0	2	18692	0.000107	0.999999
38	N	661	0	1	18688	6	0.999679	0.999999
38	Y	0	661	0	1	18693	5.3e-05	0.999999
39	A	661	0	1	18694	0	1	NA
40	T	661	0	1	18692	2	0.999893	0.999999
40	N	0	661	0	1	18693	5.3e-05	0.999999
40	I	0	661	0	1	18693	5.3e-05	0.999999
41	E	661	0	1	18694	0	1	NA
42	Q	0	661	0	3	18691	0.00016	0.999999
42	M	0	661	0	2	18692	0.000107	0.999999
42	L	661	0	1	18689	5	0.999733	0.999999
43	I	1	660	0.001513	13	18681	0.000695	0.974304
43	V	660	1	0.998487	18681	13	0.999305	0.974304
44	H	1	660	0.001513	3	18691	0.00016	0.317049
44	Q	659	2	0.996974	18689	5	0.999733	0.008674
44	R	0	661	0	2	18692	0.000107	0.999999
44	E	1	660	0.001513	0	18694	0	0.010315
45	H	0	661	0	2	18692	0.000107	0.999999
45	S	413	248	0.624811	6611	12083	0.353643	0
45	T	0	661	0	1	18693	5.3e-05	0.999999
45	D	0	661	0	8	18686	0.000428	0.999999
45	N	247	414	0.373676	11946	6748	0.639029	0
45	I	1	660	0.001513	92	18602	0.004921	0.337423
45	K	0	661	0	2	18692	0.000107	0.999999
45	G	0	661	0	32	18662	0.001712	0.563588
46	H	0	661	0	1	18693	5.3e-05	0.999999
46	F	0	661	0	18	18676	0.000963	0.881586
46	S	661	0	1	18667	27	0.998556	0.65446
46	T	0	661	0	1	18693	5.3e-05	0.999999
46	P	0	661	0	3	18691	0.00016	0.999999
46	Y	0	661	0	4	18690	0.000214	0.999999
47	A	0	661	0	1	18693	5.3e-05	0.999999
47	S	653	8	0.987897	18585	109	0.994169	0.073578
47	T	2	659	0.003026	33	18661	0.001765	0.776532
47	P	6	655	0.009077	73	18621	0.003905	0.08197
47	L	0	661	0	2	18692	0.000107	0.999999
48	A	8	653	0.012103	167	18527	0.008933	0.524124
48	M	0	661	0	12	18682	0.000642	0.999999
48	T	418	243	0.632375	6884	11810	0.368246	0
48	R	0	661	0	2	18692	0.000107	0.999999
48	K	1	660	0.001513	12	18682	0.000642	0.931787
48	I	234	427	0.354009	11615	7079	0.621322	0
48	V	0	661	0	2	18692	0.000107	0.999999
49	S	1	660	0.001513	64	18630	0.003424	0.62241
49	C	0	661	0	3	18691	0.00016	0.999999
49	D	1	660	0.001513	30	18664	0.001605	0.999999
49	G	659	2	0.996974	18597	97	0.994811	0.625002
50	A	0	661	0	1	18693	5.3e-05	0.999999
50	K	28	633	0.04236	204	18490	0.010913	0
50	E	414	247	0.626324	15909	2785	0.851022	0
50	V	0	661	0	5	18689	0.000267	0.999999
50	Q	0	661	0	2	18692	0.000107	0.999999
50	D	0	661	0	1	18693	5.3e-05	0.999999
50	I	2	659	0.003026	4	18690	0.000214	0.003595
50	R	166	495	0.251135	1066	17628	0.057024	0
50	G	51	610	0.077156	1502	17192	0.080347	0.822809
51	M	0	661	0	10	18684	0.000535	0.999999
51	I	658	3	0.995461	18677	17	0.999091	0.025207
51	L	3	658	0.004539	3	18691	0.00016	0
51	V	0	661	0	4	18690	0.000214	0.999999
52	C	661	0	1	18694	0	1	NA
53	S	0	661	0	1	18693	5.3e-05	0.999999
53	T	0	661	0	1	18693	5.3e-05	0.999999
53	N	59	602	0.089259	1675	17019	0.089601	0.999999
53	K	0	661	0	1	18693	5.3e-05	0.999999
53	E	0	661	0	12	18682	0.000642	0.999999
53	Y	0	661	0	4	18690	0.000214	0.999999
53	H	0	661	0	1	18693	5.3e-05	0.999999
53	D	600	61	0.907716	16972	1722	0.907885	0.999999
53	G	2	659	0.003026	27	18667	0.001444	0.602059
54	S	644	17	0.974281	18563	131	0.992992	0
54	N	14	647	0.02118	80	18614	0.004279	0
54	R	0	661	0	35	18659	0.001872	0.517181
54	G	3	658	0.004539	16	18678	0.000856	0.019312
55	S	0	661	0	3	18691	0.00016	0.999999
55	H	0	661	0	5	18689	0.000267	0.999999
55	T	0	661	0	2	18692	0.000107	0.999999
55	P	661	0	1	18683	11	0.999412	0.999999
55	L	0	661	0	1	18693	5.3e-05	0.999999
56	H	660	1	0.998487	18674	20	0.99893	0.999999
56	N	0	661	0	1	18693	5.3e-05	0.999999
56	R	0	661	0	2	18692	0.000107	0.999999
56	L	0	661	0	2	18692	0.000107	0.999999
56	Y	1	660	0.001513	15	18679	0.000802	0.999999
57	H	5	656	0.007564	75	18619	0.004012	0.275465
57	Q	478	183	0.723147	17895	799	0.957259	0
57	R	177	484	0.267776	604	18090	0.03231	0
57	K	1	660	0.001513	90	18604	0.004814	0.352275
57	L	0	661	0	30	18664	0.001605	0.597698
58	T	0	661	0	1	18693	5.3e-05	0.999999
58	I	661	0	1	18624	70	0.996255	0.212595
58	V	0	661	0	69	18625	0.003691	0.217669
59	H	0	661	0	1	18693	5.3e-05	0.999999
59	I	0	661	0	70	18624	0.003745	0.212595
59	L	661	0	1	18623	71	0.996202	0.207655
60	D	661	0	1	18694	0	1	NA
61	A	0	661	0	1	18693	5.3e-05	0.999999
61	G	661	0	1	18692	2	0.999893	0.999999
61	E	0	661	0	1	18693	5.3e-05	0.999999
62	A	0	661	0	1	18693	5.3e-05	0.999999
62	T	0	661	0	1	18693	5.3e-05	0.999999
62	K	224	437	0.33888	1892	16802	0.101209	0
62	E	420	241	0.635401	16537	2157	0.884615	0
62	V	3	658	0.004539	95	18599	0.005082	0.999999
62	M	0	661	0	1	18693	5.3e-05	0.999999
62	D	0	661	0	1	18693	5.3e-05	0.999999
62	I	14	647	0.02118	55	18639	0.002942	0
62	R	0	661	0	2	18692	0.000107	0.999999
62	G	0	661	0	109	18585	0.005831	0.088324
63	S	0	661	0	2	18692	0.000107	0.999999
63	D	9	652	0.013616	28	18666	0.001498	0
63	N	652	9	0.986384	18653	41	0.997807	0
63	K	0	661	0	11	18683	0.000588	0.999999
64	C	661	0	1	18692	2	0.999893	0.999999
64	R	0	661	0	2	18692	0.000107	0.999999
65	S	0	661	0	2	18692	0.000107	0.999999
65	T	661	0	1	18688	6	0.999679	0.999999
65	K	0	661	0	4	18690	0.000214	0.999999
66	I	0	661	0	8	18686	0.000428	0.999999
66	L	661	0	1	18686	8	0.999572	0.999999
67	T	0	661	0	2	18692	0.000107	0.999999
67	M	5	656	0.007564	29	18665	0.001551	0.001601
67	I	655	6	0.990923	18649	45	0.997593	0.003714
67	V	1	660	0.001513	14	18680	0.000749	0.999999
68	D	661	0	1	18693	1	0.999947	0.999999
68	G	0	661	0	1	18693	5.3e-05	0.999999
69	A	661	0	1	18691	3	0.99984	0.999999
69	T	0	661	0	2	18692	0.000107	0.999999
69	D	0	661	0	1	18693	5.3e-05	0.999999
70	I	0	661	0	3	18691	0.00016	0.999999
70	L	661	0	1	18691	3	0.99984	0.999999
71	L	661	0	1	18694	0	1	NA
72	G	661	0	1	18694	0	1	NA
73	N	0	661	0	1	18693	5.3e-05	0.999999
73	D	661	0	1	18693	1	0.999947	0.999999
74	P	661	0	1	18693	1	0.999947	0.999999
74	L	0	661	0	1	18693	5.3e-05	0.999999
75	H	190	471	0.287443	1293	17401	0.069167	0
75	Q	469	192	0.709531	17387	1307	0.930085	0
75	N	0	661	0	4	18690	0.000214	0.999999
75	R	0	661	0	5	18689	0.000267	0.999999
75	L	2	659	0.003026	5	18689	0.000267	0.008674
76	C	661	0	1	18694	0	1	NA
77	N	0	661	0	1	18693	5.3e-05	0.999999
77	D	661	0	1	18686	8	0.999572	0.999999
77	E	0	661	0	7	18687	0.000374	0.999999
78	S	3	658	0.004539	43	18651	0.0023	0.450181
78	D	10	651	0.015129	106	18588	0.00567	0.004512
78	G	644	17	0.974281	18512	182	0.990264	0.00014
78	V	4	657	0.006051	33	18661	0.001765	0.042733
79	S	0	661	0	1	18693	5.3e-05	0.999999
79	F	661	0	1	18647	47	0.997486	0.374194
79	I	0	661	0	5	18689	0.000267	0.999999
79	L	0	661	0	41	18653	0.002193	0.438391
80	Q	657	4	0.993949	18677	17	0.999091	0.000821
80	R	0	661	0	5	18689	0.000267	0.999999
80	K	4	657	0.006051	11	18683	0.000588	2.1e-05
80	E	0	661	0	1	18693	5.3e-05	0.999999
81	H	0	661	0	2	18692	0.000107	0.999999
81	S	0	661	0	1	18693	5.3e-05	0.999999
81	D	0	661	0	49	18645	0.002621	0.355403
81	N	661	0	1	18641	53	0.997165	0.321123
81	K	0	661	0	1	18693	5.3e-05	0.999999
82	T	0	661	0	2	18692	0.000107	0.999999
82	N	0	661	0	4	18690	0.000214	0.999999
82	R	0	661	0	3	18691	0.00016	0.999999
82	K	601	60	0.909228	18598	96	0.994865	0
82	E	60	601	0.090772	87	18607	0.004654	0
83	T	11	650	0.016641	38	18656	0.002033	0
83	N	1	660	0.001513	48	18646	0.002568	0.891362
83	R	11	650	0.016641	508	18186	0.027174	0.127259
83	K	508	153	0.768533	16959	1735	0.907189	0
83	E	130	531	0.196672	1141	17553	0.061036	0
84	W	661	0	1	18694	0	1	NA
85	N	0	661	0	3	18691	0.00016	0.999999
85	D	661	0	1	18684	10	0.999465	0.999999
85	G	0	661	0	5	18689	0.000267	0.999999
85	E	0	661	0	2	18692	0.000107	0.999999
86	I	0	661	0	1	18693	5.3e-05	0.999999
86	L	661	0	1	18693	1	0.999947	0.999999
87	F	661	0	1	18685	9	0.999519	0.999999
87	Y	0	661	0	9	18685	0.000481	0.999999
88	I	11	650	0.016641	93	18601	0.004975	0.000168
88	L	0	661	0	2	18692	0.000107	0.999999
88	V	650	11	0.983359	18599	95	0.994918	0.000224
89	K	0	661	0	1	18693	5.3e-05	0.999999
89	E	661	0	1	18693	1	0.999947	0.999999
90	R	661	0	1	18694	0	1	NA
91	S	658	3	0.995461	18629	65	0.996523	0.905382
91	T	0	661	0	2	18692	0.000107	0.999999
91	N	0	661	0	32	18662	0.001712	0.563588
91	I	0	661	0	3	18691	0.00016	0.999999
91	R	2	659	0.003026	17	18677	0.000909	0.282084
91	G	1	660	0.001513	11	18683	0.000588	0.885983
92	S	1	660	0.001513	0	18694	0	0.010315
92	Q	0	661	0	4	18690	0.000214	0.999999
92	T	3	658	0.004539	214	18480	0.011448	0.141549
92	N	0	661	0	7	18687	0.000374	0.999999
92	I	0	661	0	4	18690	0.000214	0.999999
92	R	10	651	0.015129	226	18468	0.012089	0.603488
92	K	646	15	0.977307	18229	465	0.975126	0.820287
92	E	1	660	0.001513	10	18684	0.000535	0.836422
93	S	1	660	0.001513	4	18690	0.000214	0.417464
93	A	660	1	0.998487	18674	20	0.99893	0.999999
93	T	0	661	0	9	18685	0.000481	0.999999
93	G	0	661	0	1	18693	5.3e-05	0.999999
93	V	0	661	0	6	18688	0.000321	0.999999
94	F	44	617	0.066566	76	18618	0.004065	0
94	S	0	661	0	7	18687	0.000374	0.999999
94	N	0	661	0	5	18689	0.000267	0.999999
94	Y	572	89	0.865356	16910	1784	0.904568	0.001022
94	H	45	616	0.068079	1686	17008	0.090189	0.058975
94	Q	0	661	0	3	18691	0.00016	0.999999
94	C	0	661	0	6	18688	0.000321	0.999999
94	D	0	661	0	1	18693	5.3e-05	0.999999
95	S	661	0	1	18686	8	0.999572	0.999999
95	N	0	661	0	2	18692	0.000107	0.999999
95	G	0	661	0	6	18688	0.000321	0.999999
96	S	12	649	0.018154	19	18675	0.001016	0
96	Q	0	661	0	1	18693	5.3e-05	0.999999
96	T	0	661	0	1	18693	5.3e-05	0.999999
96	D	7	654	0.01059	28	18666	0.001498	0
96	N	642	19	0.971256	18627	67	0.996416	0
96	K	0	661	0	18	18676	0.000963	0.881586
97	C	661	0	1	18694	0	1	NA
98	Y	661	0	1	18694	0	1	NA
99	S	0	661	0	1	18693	5.3e-05	0.999999
99	P	661	0	1	18692	2	0.999893	0.999999
99	L	0	661	0	1	18693	5.3e-05	0.999999
100	F	0	661	0	4	18690	0.000214	0.999999
100	Y	661	0	1	18690	4	0.999786	0.999999
101	N	0	661	0	2	18692	0.000107	0.999999
101	D	661	0	1	18684	10	0.999465	0.999999
101	Y	0	661	0	3	18691	0.00016	0.999999
101	E	0	661	0	5	18689	0.000267	0.999999
102	M	0	661	0	6	18688	0.000321	0.999999
102	V	661	0	1	18688	6	0.999679	0.999999
103	S	1	660	0.001513	21	18673	0.001123	0.999999
103	Q	5	656	0.007564	10	18684	0.000535	0
103	P	655	6	0.990923	18663	31	0.998342	0.000123
104	N	0	661	0	32	18662	0.001712	0.563588
104	D	661	0	1	18653	41	0.997807	0.438391
104	G	0	661	0	4	18690	0.000214	0.999999
104	E	0	661	0	5	18689	0.000267	0.999999
105	H	2	659	0.003026	122	18572	0.006526	0.389494
105	N	0	661	0	2	18692	0.000107	0.999999
105	Y	659	2	0.996974	18570	124	0.993367	0.374898
106	A	659	2	0.996974	18368	326	0.982561	0.007625
106	T	0	661	0	26	18668	0.001391	0.67508
106	P	0	661	0	1	18693	5.3e-05	0.999999
106	G	0	661	0	2	18692	0.000107	0.999999
106	V	2	659	0.003026	297	18397	0.015887	0.013337
107	S	661	0	1	18689	5	0.999733	0.999999
107	T	0	661	0	3	18691	0.00016	0.999999
107	P	0	661	0	1	18693	5.3e-05	0.999999
107	Y	0	661	0	1	18693	5.3e-05	0.999999
108	F	0	661	0	1	18693	5.3e-05	0.999999
108	L	661	0	1	18693	1	0.999947	0.999999
109	K	0	661	0	5	18689	0.000267	0.999999
109	R	661	0	1	18689	5	0.999733	0.999999
110	S	661	0	1	18694	0	1	NA
111	I	0	661	0	6	18688	0.000321	0.999999
111	L	661	0	1	18688	6	0.999679	0.999999
112	A	0	661	0	1	18693	5.3e-05	0.999999
112	I	6	655	0.009077	248	18446	0.013266	0.449523
112	V	655	6	0.990923	18445	249	0.98668	0.443319
113	S	0	661	0	5	18689	0.000267	0.999999
113	A	661	0	1	18689	5	0.999733	0.999999
114	A	0	661	0	20	18674	0.00107	0.821622
114	S	660	1	0.998487	18295	399	0.978656	0.000717
114	Q	0	661	0	1	18693	5.3e-05	0.999999
114	T	1	660	0.001513	376	18318	0.020113	0.001123
114	L	0	661	0	2	18692	0.000107	0.999999
115	F	0	661	0	1	18693	5.3e-05	0.999999
115	A	0	661	0	2	18692	0.000107	0.999999
115	S	661	0	1	18691	3	0.99984	0.999999
116	G	661	0	1	18694	0	1	NA
117	A	0	661	0	2	18692	0.000107	0.999999
117	S	0	661	0	8	18686	0.000428	0.999999
117	T	661	0	1	18682	12	0.999358	0.999999
117	P	0	661	0	1	18693	5.3e-05	0.999999
117	I	0	661	0	1	18693	5.3e-05	0.999999
118	M	0	661	0	9	18685	0.000481	0.999999
118	L	661	0	1	18685	9	0.999519	0.999999
119	D	0	661	0	5	18689	0.000267	0.999999
119	K	0	661	0	1	18693	5.3e-05	0.999999
119	E	661	0	1	18688	6	0.999679	0.999999
120	F	661	0	1	18694	0	1	NA
121	F	0	661	0	3	18691	0.00016	0.999999
121	S	0	661	0	18	18676	0.000963	0.881586
121	T	33	628	0.049924	218	18476	0.011661	0
121	N	500	161	0.75643	18070	624	0.96662	0
121	K	0	661	0	97	18597	0.005189	0.114932
121	Y	0	661	0	2	18692	0.000107	0.999999
121	E	0	661	0	1	18693	5.3e-05	0.999999
121	V	0	661	0	1	18693	5.3e-05	0.999999
121	D	0	661	0	15	18679	0.000802	0.986076
121	I	128	533	0.193646	269	18425	0.01439	0
122	H	0	661	0	2	18692	0.000107	0.999999
122	S	8	653	0.012103	46	18648	0.002461	2.1e-05
122	T	5	656	0.007564	35	18659	0.001872	0.00631
122	D	13	648	0.019667	1045	17649	0.0559	8.1e-05
122	N	633	28	0.95764	17504	1190	0.936343	0.032807
122	K	2	659	0.003026	59	18635	0.003156	0.999999
122	Y	0	661	0	3	18691	0.00016	0.999999
123	E	661	0	1	18694	0	1	NA
124	S	499	162	0.754917	17979	715	0.961752	0
124	D	84	577	0.12708	194	18500	0.010378	0
124	N	8	653	0.012103	219	18475	0.011715	0.999999
124	I	0	661	0	7	18687	0.000374	0.999999
124	R	1	660	0.001513	64	18630	0.003424	0.62241
124	G	69	592	0.104387	231	18463	0.012357	0
125	F	661	0	1	18694	0	1	NA
126	S	0	661	0	2	18692	0.000107	0.999999
126	T	11	650	0.016641	36	18658	0.001926	0
126	D	2	659	0.003026	257	18437	0.013748	0.028847
126	N	645	16	0.975794	18398	296	0.984166	0.127876
126	K	3	658	0.004539	1	18693	5.3e-05	0
127	W	661	0	1	18694	0	1	NA
128	S	0	661	0	22	18672	0.001177	0.767838
128	A	99	562	0.149773	4116	14578	0.220178	2e-05
128	T	553	108	0.836611	14484	4210	0.774794	0.000212
128	N	6	655	0.009077	42	18652	0.002247	0.002125
128	P	2	659	0.003026	3	18691	0.00016	0.001062
128	V	0	661	0	18	18676	0.000963	0.881586
128	D	0	661	0	1	18693	5.3e-05	0.999999
128	I	1	660	0.001513	8	18686	0.000428	0.723608
129	G	660	1	0.998487	18688	6	0.999679	0.587033
129	E	1	660	0.001513	6	18688	0.000321	0.587033
130	A	0	661	0	5	18689	0.000267	0.999999
130	T	0	661	0	1	18693	5.3e-05	0.999999
130	I	0	661	0	4	18690	0.000214	0.999999
130	L	0	661	0	1	18693	5.3e-05	0.999999
130	V	661	0	1	18683	11	0.999412	0.999999
131	S	1	660	0.001513	2	18692	0.000107	0.206277
131	A	127	534	0.192133	1119	17575	0.059859	0
131	T	528	133	0.79879	17518	1176	0.937092	0
131	D	0	661	0	16	18678	0.000856	0.949028
131	N	4	657	0.006051	24	18670	0.001284	0.008077
131	P	1	660	0.001513	0	18694	0	0.010315
131	K	0	661	0	15	18679	0.000802	0.986076
132	Q	661	0	1	18694	0	1	NA
133	S	71	590	0.107413	59	18635	0.003156	0
133	D	59	602	0.089259	389	18305	0.020809	0
133	N	530	131	0.801815	18246	448	0.976035	0
133	G	1	660	0.001513	0	18694	0	0.010315
134	G	661	0	1	18694	0	1	NA
135	A	1	660	0.001513	15	18679	0.000802	0.999999
135	T	521	140	0.7882	18250	444	0.976249	0
135	D	7	654	0.01059	5	18689	0.000267	0
135	K	17	644	0.025719	286	18408	0.015299	0.049829
135	G	96	565	0.145234	131	18563	0.007008	0
135	E	19	642	0.028744	7	18687	0.000374	0
136	S	661	0	1	18693	1	0.999947	0.999999
136	R	0	661	0	1	18693	5.3e-05	0.999999
137	A	0	661	0	2	18692	0.000107	0.999999
137	F	0	661	0	19	18675	0.001016	0.850759
137	S	486	175	0.73525	18087	607	0.96753	0
137	N	14	647	0.02118	40	18654	0.00214	0
137	P	0	661	0	2	18692	0.000107	0.999999
137	Y	159	502	0.240545	539	18155	0.028833	0
137	V	0	661	0	1	18693	5.3e-05	0.999999
137	C	2	659	0.003026	3	18691	0.00016	0.001062
137	R	0	661	0	1	18693	5.3e-05	0.999999
138	S	72	589	0.108926	1327	17367	0.070985	0.000288
138	A	581	80	0.878971	17342	1352	0.927677	3e-06
138	T	8	653	0.012103	24	18670	0.001284	0
138	P	0	661	0	1	18693	5.3e-05	0.999999
139	C	661	0	1	18694	0	1	NA
140	T	0	661	0	18	18676	0.000963	0.881586
140	K	267	394	0.403933	2682	16012	0.143468	0
140	E	0	661	0	24	18670	0.001284	0.719247
140	V	0	661	0	4	18690	0.000214	0.999999
140	Q	0	661	0	14	18680	0.000749	0.999999
140	M	7	654	0.01059	173	18521	0.009254	0.884358
140	I	372	289	0.562784	15718	2976	0.840805	0
140	R	14	647	0.02118	28	18666	0.001498	0
140	L	1	660	0.001513	33	18661	0.001765	0.999999
141	K	0	661	0	8	18686	0.000428	0.999999
141	R	661	0	1	18685	9	0.999519	0.999999
141	G	0	661	0	1	18693	5.3e-05	0.999999
142	S	3	658	0.004539	13	18681	0.000695	0.007139
142	K	10	651	0.015129	773	17921	0.04135	0.001105
142	R	360	301	0.544629	12885	5809	0.689259	0
142	G	288	373	0.435703	5013	13681	0.268161	0
142	E	0	661	0	10	18684	0.000535	0.999999
143	F	0	661	0	2	18692	0.000107	0.999999
143	S	642	19	0.971256	18624	70	0.996255	0
143	T	0	661	0	9	18685	0.000481	0.999999
143	P	19	642	0.028744	55	18639	0.002942	0
143	Y	0	661	0	4	18690	0.000214	0.999999
144	A	0	661	0	1	18693	5.3e-05	0.999999
144	S	71	590	0.107413	5659	13035	0.302717	0
144	T	0	661	0	21	18673	0.001123	0.794025
144	N	339	322	0.512859	10829	7865	0.579277	0.000788
144	K	55	606	0.083207	567	18127	0.030331	0
144	Y	0	661	0	3	18691	0.00016	0.999999
144	V	144	517	0.217852	460	18234	0.024607	0
144	H	0	661	0	2	18692	0.000107	0.999999
144	D	33	628	0.049924	676	18018	0.036161	0.08084
144	R	0	661	0	188	18506	0.010057	0.016888
144	I	14	647	0.02118	246	18448	0.013159	0.112168
144	G	5	656	0.007564	42	18652	0.002247	0.019921
145	S	230	431	0.347958	12025	6669	0.643255	0
145	N	325	336	0.491679	5326	13368	0.284904	0
145	K	103	558	0.155825	1317	17377	0.07045	0
145	H	0	661	0	2	18692	0.000107	0.999999
145	Q	2	659	0.003026	11	18683	0.000588	0.106697
145	D	0	661	0	1	18693	5.3e-05	0.999999
145	R	0	661	0	4	18690	0.000214	0.999999
145	I	1	660	0.001513	2	18692	0.000107	0.206277
145	G	0	661	0	6	18688	0.000321	0.999999
146	S	647	14	0.97882	18629	65	0.996523	0
146	N	0	661	0	3	18691	0.00016	0.999999
146	G	14	647	0.02118	62	18632	0.003317	0
147	F	660	1	0.998487	18694	0	1	0.010315
147	L	1	660	0.001513	0	18694	0	0.010315
148	F	661	0	1	18694	0	1	NA
149	S	661	0	1	18691	3	0.99984	0.999999
149	N	0	661	0	3	18691	0.00016	0.999999
150	T	0	661	0	1	18693	5.3e-05	0.999999
150	I	0	661	0	2	18692	0.000107	0.999999
150	K	1	660	0.001513	36	18658	0.001926	0.999999
150	R	660	1	0.998487	18654	40	0.99786	0.999999
150	G	0	661	0	1	18693	5.3e-05	0.999999
151	L	661	0	1	18694	0	1	NA
152	N	661	0	1	18694	0	1	NA
153	W	661	0	1	18694	0	1	NA
154	L	661	0	1	18694	0	1	NA
155	H	143	518	0.216339	1149	17545	0.061464	0
155	T	477	184	0.721634	17498	1196	0.936022	0
155	P	0	661	0	1	18693	5.3e-05	0.999999
155	Y	41	620	0.062027	46	18648	0.002461	0
156	H	421	240	0.636914	17438	1256	0.932813	0
156	Q	52	609	0.078669	734	17960	0.039264	0
156	N	1	660	0.001513	3	18691	0.00016	0.317049
156	K	109	552	0.164902	469	18225	0.025088	0
156	R	15	646	0.022693	2	18692	0.000107	0
156	G	2	659	0.003026	0	18694	0	0
156	E	61	600	0.092284	47	18647	0.002514	0
156	Y	0	661	0	1	18693	5.3e-05	0.999999
157	F	0	661	0	1	18693	5.3e-05	0.999999
157	S	153	508	0.231467	1896	16798	0.101423	0
157	P	1	660	0.001513	4	18690	0.000214	0.417464
157	L	507	154	0.76702	16793	1901	0.89831	0
158	S	0	661	0	9	18685	0.000481	0.999999
158	H	0	661	0	13	18681	0.000695	0.999999
158	D	11	650	0.016641	12	18682	0.000642	0
158	N	374	287	0.565809	14873	3821	0.795603	0
158	R	0	661	0	93	18601	0.004975	0.125621
158	K	116	545	0.175492	3187	15507	0.170483	0.77654
158	G	13	648	0.019667	47	18647	0.002514	0
158	E	147	514	0.22239	460	18234	0.024607	0
159	S	72	589	0.108926	1235	17459	0.066064	2.2e-05
159	H	3	658	0.004539	3	18691	0.00016	0
159	F	351	310	0.531014	10165	8529	0.543757	0.54405
159	C	1	660	0.001513	0	18694	0	0.010315
159	D	1	660	0.001513	1	18693	5.3e-05	0.092792
159	N	0	661	0	6	18688	0.000321	0.999999
159	R	0	661	0	1	18693	5.3e-05	0.999999
159	Y	233	428	0.352496	7283	11411	0.38959	0.059768
160	S	0	661	0	1	18693	5.3e-05	0.999999
160	A	5	656	0.007564	22	18672	0.001177	0.000148
160	Q	0	661	0	2	18692	0.000107	0.999999
160	T	20	641	0.030257	5621	13073	0.300685	0
160	N	0	661	0	2	18692	0.000107	0.999999
160	R	2	659	0.003026	34	18660	0.001819	0.80374
160	I	0	661	0	33	18661	0.001765	0.547521
160	K	634	27	0.959153	12978	5716	0.694233	0
160	E	0	661	0	1	18693	5.3e-05	0.999999
161	H	0	661	0	4	18690	0.000214	0.999999
161	F	0	661	0	4	18690	0.000214	0.999999
161	Y	661	0	1	18686	8	0.999572	0.999999
162	S	13	648	0.019667	158	18536	0.008452	0.00485
162	Q	1	660	0.001513	46	18648	0.002461	0.932639
162	T	0	661	0	7	18687	0.000374	0.999999
162	P	647	14	0.97882	18483	211	0.988713	0.031762
163	S	1	660	0.001513	10	18684	0.000535	0.836422
163	A	633	28	0.95764	18614	80	0.995721	0
163	T	1	660	0.001513	1	18693	5.3e-05	0.092792
163	E	0	661	0	3	18691	0.00016	0.999999
163	V	26	635	0.039334	66	18628	0.003531	0
164	Q	3	658	0.004539	17	18677	0.000909	0.025207
164	L	658	3	0.995461	18676	18	0.999037	0.032092
164	V	0	661	0	1	18693	5.3e-05	0.999999
165	S	0	661	0	1	18693	5.3e-05	0.999999
165	T	0	661	0	2	18692	0.000107	0.999999
165	D	0	661	0	3	18691	0.00016	0.999999
165	N	661	0	1	18679	15	0.999198	0.986076
165	K	0	661	0	9	18685	0.000481	0.999999
166	M	0	661	0	10	18684	0.000535	0.999999
166	V	661	0	1	18684	10	0.999465	0.999999
167	A	1	660	0.001513	15	18679	0.000802	0.999999
167	S	0	661	0	5	18689	0.000267	0.999999
167	T	660	1	0.998487	18668	26	0.998609	0.999999
167	N	0	661	0	1	18693	5.3e-05	0.999999
167	I	0	661	0	5	18689	0.000267	0.999999
168	M	661	0	1	18530	164	0.991227	0.027632
168	K	0	661	0	1	18693	5.3e-05	0.999999
168	I	0	661	0	12	18682	0.000642	0.999999
168	V	0	661	0	151	18543	0.008077	0.036187
169	S	0	661	0	2	18692	0.000107	0.999999
169	Q	0	661	0	7	18687	0.000374	0.999999
169	T	0	661	0	2	18692	0.000107	0.999999
169	P	661	0	1	18683	11	0.999412	0.999999
170	N	661	0	1	18694	0	1	NA
171	S	0	661	0	3	18691	0.00016	0.999999
171	H	0	661	0	1	18693	5.3e-05	0.999999
171	T	0	661	0	3	18691	0.00016	0.999999
171	D	7	654	0.01059	20	18674	0.00107	0
171	N	649	12	0.981846	18142	552	0.970472	0.111619
171	I	0	661	0	1	18693	5.3e-05	0.999999
171	K	5	656	0.007564	524	18170	0.02803	0.002286
172	D	73	588	0.110439	368	18326	0.019685	0
172	K	0	661	0	5	18689	0.000267	0.999999
172	G	107	554	0.161876	280	18414	0.014978	0
172	E	481	180	0.727685	18041	653	0.965069	0
173	H	0	661	0	15	18679	0.000802	0.986076
173	Q	386	275	0.583964	15481	3213	0.828127	0
173	T	0	661	0	1	18693	5.3e-05	0.999999
173	N	25	636	0.037821	139	18555	0.007436	0
173	R	0	661	0	4	18690	0.000214	0.999999
173	K	234	427	0.354009	2759	15935	0.147587	0
173	E	16	645	0.024206	294	18400	0.015727	0.121408
173	L	0	661	0	1	18693	5.3e-05	0.999999
174	S	4	657	0.006051	10	18684	0.000535	8e-06
174	F	655	6	0.990923	18674	20	0.99893	0
174	L	0	661	0	4	18690	0.000214	0.999999
174	Y	0	661	0	3	18691	0.00016	0.999999
174	V	2	659	0.003026	3	18691	0.00016	0.001062
175	S	0	661	0	5	18689	0.000267	0.999999
175	N	1	660	0.001513	10	18684	0.000535	0.836422
175	D	659	2	0.996974	18674	20	0.99893	0.379205
175	G	0	661	0	1	18693	5.3e-05	0.999999
175	E	1	660	0.001513	4	18690	0.000214	0.417464
176	K	661	0	1	18694	0	1	NA
177	M	0	661	0	1	18693	5.3e-05	0.999999
177	L	661	0	1	18693	1	0.999947	0.999999
178	H	0	661	0	1	18693	5.3e-05	0.999999
178	Y	661	0	1	18693	1	0.999947	0.999999
179	I	661	0	1	18671	23	0.99877	0.742945
179	V	0	661	0	23	18671	0.00123	0.742945
180	W	661	0	1	18694	0	1	NA
181	R	0	661	0	1	18693	5.3e-05	0.999999
181	G	661	0	1	18693	1	0.999947	0.999999
182	F	2	659	0.003026	3	18691	0.00016	0.001062
182	I	9	652	0.013616	30	18664	0.001605	0
182	G	0	661	0	1	18693	5.3e-05	0.999999
182	V	650	11	0.983359	18660	34	0.998181	0
183	F	1	660	0.001513	0	18694	0	0.010315
183	H	622	39	0.940998	18674	20	0.99893	0
183	R	0	661	0	1	18693	5.3e-05	0.999999
183	L	38	623	0.057489	19	18675	0.001016	0
184	H	661	0	1	18693	1	0.999947	0.999999
184	Y	0	661	0	1	18693	5.3e-05	0.999999
185	P	661	0	1	18693	1	0.999947	0.999999
185	L	0	661	0	1	18693	5.3e-05	0.999999
186	A	1	660	0.001513	0	18694	0	0.010315
186	S	160	501	0.242057	976	17718	0.052209	0
186	N	0	661	0	1	18693	5.3e-05	0.999999
186	E	1	660	0.001513	0	18694	0	0.010315
186	V	166	495	0.251135	57	18637	0.003049	0
186	D	8	653	0.012103	2	18692	0.000107	0
186	C	0	661	0	1	18693	5.3e-05	0.999999
186	I	31	630	0.046899	9	18685	0.000481	0
186	R	4	657	0.006051	0	18694	0	0
186	G	290	371	0.438729	17648	1046	0.944046	0
187	A	0	661	0	1	18693	5.3e-05	0.999999
187	S	0	661	0	1	18693	5.3e-05	0.999999
187	T	661	0	1	18690	4	0.999786	0.999999
187	K	0	661	0	2	18692	0.000107	0.999999
188	A	0	661	0	3	18691	0.00016	0.999999
188	N	8	653	0.012103	107	18587	0.005724	0.065798
188	D	636	25	0.962179	18478	216	0.988445	0
188	G	0	661	0	3	18691	0.00016	0.999999
188	Y	8	653	0.012103	76	18618	0.004065	0.005297
188	E	9	652	0.013616	25	18669	0.001337	0
188	V	0	661	0	2	18692	0.000107	0.999999
189	S	98	563	0.14826	1431	17263	0.076549	0
189	Q	11	650	0.016641	38	18656	0.002033	0
189	N	89	572	0.134644	2208	16486	0.118113	0.218549
189	R	60	601	0.090772	50	18644	0.002675	0
189	K	403	258	0.609682	14967	3727	0.800631	0
190	N	1	660	0.001513	0	18694	0	0.010315
190	D	536	125	0.810893	18570	124	0.993367	0
190	G	9	652	0.013616	1	18693	5.3e-05	0
190	E	103	558	0.155825	117	18577	0.006259	0
190	Y	0	661	0	1	18693	5.3e-05	0.999999
190	V	12	649	0.018154	5	18689	0.000267	0
191	Q	661	0	1	18693	1	0.999947	0.999999
191	P	0	661	0	1	18693	5.3e-05	0.999999
192	A	0	661	0	2	18692	0.000107	0.999999
192	S	0	661	0	9	18685	0.000481	0.999999
192	T	181	480	0.273828	743	17951	0.039745	0
192	N	0	661	0	2	18692	0.000107	0.999999
192	I	480	181	0.726172	17893	801	0.957152	0
192	L	0	661	0	3	18691	0.00016	0.999999
192	V	0	661	0	42	18652	0.002247	0.426789
193	S	143	518	0.216339	2104	16590	0.112549	0
193	F	433	228	0.655068	16492	2202	0.882208	0
193	N	63	598	0.09531	68	18626	0.003638	0
193	K	4	657	0.006051	2	18692	0.000107	0
193	Y	3	658	0.004539	11	18683	0.000588	0.002916
193	D	0	661	0	9	18685	0.000481	0.999999
193	I	1	660	0.001513	2	18692	0.000107	0.206277
193	R	14	647	0.02118	1	18693	5.3e-05	0
193	L	0	661	0	5	18689	0.000267	0.999999
194	M	2	659	0.003026	0	18694	0	0
194	I	22	639	0.033283	9	18685	0.000481	0
194	P	173	488	0.261725	35	18659	0.001872	0
194	L	463	198	0.700454	18650	44	0.997646	0
194	V	1	660	0.001513	0	18694	0	0.010315
195	H	3	658	0.004539	10	18684	0.000535	0.001684
195	F	1	660	0.001513	3	18691	0.00016	0.317049
195	N	0	661	0	2	18692	0.000107	0.999999
195	Y	657	4	0.993949	18679	15	0.999198	0.000314
196	S	0	661	0	4	18690	0.000214	0.999999
196	A	482	179	0.729198	18167	527	0.971809	0
196	T	6	655	0.009077	6	18688	0.000321	0
196	I	10	651	0.015129	8	18686	0.000428	0
196	G	0	661	0	1	18693	5.3e-05	0.999999
196	V	163	498	0.246596	508	18186	0.027174	0
197	H	1	660	0.001513	222	18472	0.011875	0.023325
197	Q	537	124	0.812405	17288	1406	0.924789	0
197	K	0	661	0	256	18438	0.013694	0.004296
197	R	123	538	0.186082	928	17766	0.049642	0
198	A	403	258	0.609682	6205	12489	0.331925	0
198	S	249	412	0.376702	11959	6735	0.639724	0
198	T	1	660	0.001513	27	18667	0.001444	0.999999
198	P	7	654	0.01059	501	18193	0.0268	0.014759
198	E	1	660	0.001513	0	18694	0	0.010315
198	L	0	661	0	2	18692	0.000107	0.999999
199	A	20	641	0.030257	571	18123	0.030545	0.999999
199	S	637	24	0.963691	17984	710	0.96202	0.906459
199	T	0	661	0	7	18687	0.000374	0.999999
199	P	4	657	0.006051	128	18566	0.006847	0.996937
199	L	0	661	0	4	18690	0.000214	0.999999
200	G	661	0	1	18694	0	1	NA
201	I	0	661	0	2	18692	0.000107	0.999999
201	K	9	652	0.013616	80	18614	0.004279	0.001401
201	R	651	10	0.984871	18604	90	0.995186	0.000782
201	G	1	660	0.001513	8	18686	0.000428	0.723608
202	T	0	661	0	5	18689	0.000267	0.999999
202	I	473	188	0.715582	17463	1231	0.93415	0
202	V	188	473	0.284418	1226	17468	0.065583	0
203	S	0	661	0	1	18693	5.3e-05	0.999999
203	A	0	661	0	2	18692	0.000107	0.999999
203	T	645	16	0.975794	18682	12	0.999358	0
203	I	16	645	0.024206	9	18685	0.000481	0
204	I	1	660	0.001513	14	18680	0.000749	0.999999
204	V	660	1	0.998487	18680	14	0.999251	0.999999
205	F	0	661	0	1	18693	5.3e-05	0.999999
205	A	0	661	0	2	18692	0.000107	0.999999
205	S	661	0	1	18690	4	0.999786	0.999999
205	C	0	661	0	1	18693	5.3e-05	0.999999
206	S	0	661	0	1	18693	5.3e-05	0.999999
206	T	661	0	1	18693	1	0.999947	0.999999
207	Q	0	661	0	13	18681	0.000695	0.999999
207	T	0	661	0	1	18693	5.3e-05	0.999999
207	N	0	661	0	2	18692	0.000107	0.999999
207	R	13	648	0.019667	53	18641	0.002835	0
207	K	648	13	0.980333	18623	71	0.996202	0
207	E	0	661	0	2	18692	0.000107	0.999999
208	T	0	661	0	1	18693	5.3e-05	0.999999
208	K	2	659	0.003026	47	18647	0.002514	0.999999
208	I	1	660	0.001513	15	18679	0.000802	0.999999
208	R	657	4	0.993949	18498	196	0.989515	0.361774
208	G	1	660	0.001513	133	18561	0.007115	0.142014
209	S	660	1	0.998487	18671	23	0.99877	0.999999
209	N	1	660	0.001513	14	18680	0.000749	0.999999
209	R	0	661	0	2	18692	0.000107	0.999999
209	G	0	661	0	7	18687	0.000374	0.999999
210	Q	661	0	1	18693	1	0.999947	0.999999
210	R	0	661	0	1	18693	5.3e-05	0.999999
211	Q	661	0	1	18693	1	0.999947	0.999999
211	K	0	661	0	1	18693	5.3e-05	0.999999
212	S	0	661	0	84	18610	0.004493	0.15383
212	A	319	342	0.482602	14317	4377	0.765861	0
212	T	342	319	0.517398	4289	14405	0.229432	0
212	N	0	661	0	2	18692	0.000107	0.999999
212	I	0	661	0	2	18692	0.000107	0.999999
213	A	19	642	0.028744	230	18464	0.012303	0.000446
213	I	22	639	0.033283	56	18638	0.002996	0
213	V	620	41	0.937973	18408	286	0.984701	0
214	S	9	652	0.013616	6	18688	0.000321	0
214	F	0	661	0	1	18693	5.3e-05	0.999999
214	T	9	652	0.013616	187	18507	0.010003	0.475204
214	N	0	661	0	1	18693	5.3e-05	0.999999
214	I	643	18	0.972769	18455	239	0.987215	0.00256
214	L	0	661	0	1	18693	5.3e-05	0.999999
214	V	0	661	0	43	18651	0.0023	0.41557
215	S	0	661	0	2	18692	0.000107	0.999999
215	Q	0	661	0	1	18693	5.3e-05	0.999999
215	R	0	661	0	1	18693	5.3e-05	0.999999
215	P	661	0	1	18690	4	0.999786	0.999999
216	S	0	661	0	49	18645	0.002621	0.355403
216	T	0	661	0	3	18691	0.00016	0.999999
216	N	656	5	0.992436	18580	114	0.993902	0.825295
216	K	0	661	0	2	18692	0.000107	0.999999
216	Y	0	661	0	2	18692	0.000107	0.999999
216	H	0	661	0	2	18692	0.000107	0.999999
216	D	5	656	0.007564	54	18640	0.002889	0.074409
216	I	0	661	0	2	18692	0.000107	0.999999
217	S	0	661	0	1	18693	5.3e-05	0.999999
217	A	0	661	0	1	18693	5.3e-05	0.999999
217	T	0	661	0	4	18690	0.000214	0.999999
217	I	647	14	0.97882	18616	78	0.995828	0
217	V	14	647	0.02118	72	18622	0.003852	0
218	W	0	661	0	2	18692	0.000107	0.999999
218	R	0	661	0	16	18678	0.000856	0.949028
218	G	661	0	1	18663	31	0.998342	0.580301
218	E	0	661	0	13	18681	0.000695	0.999999
219	F	40	621	0.060514	72	18622	0.003852	0
219	S	560	101	0.847201	18507	187	0.989997	0
219	T	0	661	0	1	18693	5.3e-05	0.999999
219	C	0	661	0	1	18693	5.3e-05	0.999999
219	P	7	654	0.01059	6	18688	0.000321	0
219	Y	54	607	0.081694	107	18587	0.005724	0
220	S	3	658	0.004539	3	18691	0.00016	0
220	I	0	661	0	2	18692	0.000107	0.999999
220	K	1	660	0.001513	4	18690	0.000214	0.417464
220	R	654	7	0.98941	18638	56	0.997004	0.002515
220	G	3	658	0.004539	47	18647	0.002514	0.536677
221	S	0	661	0	8	18686	0.000428	0.999999
221	A	0	661	0	5	18689	0.000267	0.999999
221	H	1	660	0.001513	42	18652	0.002247	0.999999
221	T	0	661	0	13	18681	0.000695	0.999999
221	P	660	1	0.998487	18494	200	0.989301	0.036235
221	L	0	661	0	132	18562	0.007061	0.053932
222	S	0	661	0	1	18693	5.3e-05	0.999999
222	W	189	472	0.28593	1210	17484	0.064727	0
222	I	0	661	0	2	18692	0.000107	0.999999
222	K	1	660	0.001513	15	18679	0.000802	0.999999
222	R	471	190	0.712557	17466	1228	0.93431	0
223	A	0	661	0	1	18693	5.3e-05	0.999999
223	T	0	661	0	2	18692	0.000107	0.999999
223	I	265	396	0.400908	12784	5910	0.683856	0
223	G	0	661	0	3	18691	0.00016	0.999999
223	E	0	661	0	2	18692	0.000107	0.999999
223	V	396	265	0.599092	5902	12792	0.315716	0
224	K	0	661	0	1	18693	5.3e-05	0.999999
224	R	661	0	1	18692	2	0.999893	0.999999
224	G	0	661	0	1	18693	5.3e-05	0.999999
225	H	0	661	0	1	18693	5.3e-05	0.999999
225	S	0	661	0	2	18692	0.000107	0.999999
225	N	344	317	0.520424	9438	9256	0.504868	0.455327
225	D	86	575	0.130106	8044	10650	0.430298	0
225	G	231	430	0.34947	1208	17486	0.06462	0
225	E	0	661	0	1	18693	5.3e-05	0.999999
226	F	0	661	0	1	18693	5.3e-05	0.999999
226	A	0	661	0	1	18693	5.3e-05	0.999999
226	S	5	656	0.007564	0	18694	0	0
226	Q	33	628	0.049924	14	18680	0.000749	0
226	T	0	661	0	1	18693	5.3e-05	0.999999
226	N	4	657	0.006051	0	18694	0	0
226	I	482	179	0.729198	17165	1529	0.918209	0
226	L	100	561	0.151286	307	18387	0.016422	0
226	V	37	624	0.055976	1205	17489	0.064459	0.427222
227	F	2	659	0.003026	0	18694	0	0
227	H	0	661	0	8	18686	0.000428	0.999999
227	S	200	461	0.302572	1628	17066	0.087087	0
227	P	459	202	0.694402	17058	1636	0.912485	0
228	S	660	1	0.998487	18692	2	0.999893	0.206277
228	T	1	660	0.001513	0	18694	0	0.010315
228	R	0	661	0	2	18692	0.000107	0.999999
229	Q	0	661	0	6	18688	0.000321	0.999999
229	K	0	661	0	17	18677	0.000909	0.914276
229	I	2	659	0.003026	25	18669	0.001337	0.540002
229	R	656	5	0.992436	18636	58	0.996897	0.102724
229	G	3	658	0.004539	10	18684	0.000535	0.001684
230	M	2	659	0.003026	5	18689	0.000267	0.008674
230	K	0	661	0	1	18693	5.3e-05	0.999999
230	I	623	38	0.942511	17452	1242	0.933562	0.406357
230	L	0	661	0	1	18693	5.3e-05	0.999999
230	V	36	625	0.054463	1235	17459	0.066064	0.269812
231	S	659	2	0.996974	18693	1	0.999947	8e-06
231	I	0	661	0	1	18693	5.3e-05	0.999999
231	G	2	659	0.003026	0	18694	0	0
232	F	0	661	0	1	18693	5.3e-05	0.999999
232	I	661	0	1	18691	3	0.99984	0.999999
232	V	0	661	0	2	18692	0.000107	0.999999
233	H	4	657	0.006051	13	18681	0.000695	9.6e-05
233	Y	657	4	0.993949	18681	13	0.999305	9.6e-05
234	W	661	0	1	18693	1	0.999947	0.999999
234	G	0	661	0	1	18693	5.3e-05	0.999999
235	A	0	661	0	1	18693	5.3e-05	0.999999
235	T	661	0	1	18693	1	0.999947	0.999999
236	T	0	661	0	1	18693	5.3e-05	0.999999
236	I	661	0	1	18665	29	0.998449	0.615825
236	L	0	661	0	4	18690	0.000214	0.999999
236	V	0	661	0	24	18670	0.001284	0.719247
237	V	661	0	1	18694	0	1	NA
238	Q	0	661	0	1	18693	5.3e-05	0.999999
238	N	0	661	0	4	18690	0.000214	0.999999
238	R	0	661	0	4	18690	0.000214	0.999999
238	K	661	0	1	18681	13	0.999305	0.999999
238	E	0	661	0	4	18690	0.000214	0.999999
239	A	0	661	0	1	18693	5.3e-05	0.999999
239	S	0	661	0	11	18683	0.000588	0.999999
239	Q	0	661	0	2	18692	0.000107	0.999999
239	P	661	0	1	18680	14	0.999251	0.999999
240	A	0	661	0	1	18693	5.3e-05	0.999999
240	R	0	661	0	2	18692	0.000107	0.999999
240	G	661	0	1	18691	3	0.99984	0.999999
241	D	660	1	0.998487	18693	1	0.999947	0.092792
241	E	1	660	0.001513	1	18693	5.3e-05	0.092792
242	T	0	661	0	8	18686	0.000428	0.999999
242	M	5	656	0.007564	43	18651	0.0023	0.022825
242	K	0	661	0	1	18693	5.3e-05	0.999999
242	R	0	661	0	1	18693	5.3e-05	0.999999
242	I	651	10	0.984871	18586	108	0.994223	0.005416
242	L	0	661	0	6	18688	0.000321	0.999999
242	V	5	656	0.007564	49	18645	0.002621	0.046289
243	F	0	661	0	15	18679	0.000802	0.986076
243	I	0	661	0	2	18692	0.000107	0.999999
243	L	661	0	1	18677	17	0.999091	0.914276
244	F	0	661	0	2	18692	0.000107	0.999999
244	M	0	661	0	2	18692	0.000107	0.999999
244	L	647	14	0.97882	18644	50	0.997325	0
244	V	14	647	0.02118	46	18648	0.002461	0
245	I	661	0	1	18692	2	0.999893	0.999999
245	L	0	661	0	1	18693	5.3e-05	0.999999
245	V	0	661	0	1	18693	5.3e-05	0.999999
246	S	16	645	0.024206	9	18685	0.000481	0
246	T	5	656	0.007564	10	18684	0.000535	0
246	N	617	44	0.933434	18660	34	0.998181	0
246	K	2	659	0.003026	3	18691	0.00016	0.001062
246	Y	0	661	0	2	18692	0.000107	0.999999
246	H	15	646	0.022693	7	18687	0.000374	0
246	D	6	655	0.009077	2	18692	0.000107	0
246	I	0	661	0	1	18693	5.3e-05	0.999999
247	F	0	661	0	1	18693	5.3e-05	0.999999
247	S	658	3	0.995461	18599	95	0.994918	0.999999
247	N	0	661	0	1	18693	5.3e-05	0.999999
247	C	2	659	0.003026	91	18603	0.004868	0.698801
247	R	1	660	0.001513	1	18693	5.3e-05	0.092792
247	G	0	661	0	1	18693	5.3e-05	0.999999
248	S	2	659	0.003026	8	18686	0.000428	0.043628
248	T	630	31	0.953101	18609	85	0.995453	0
248	N	21	640	0.03177	59	18635	0.003156	0
248	R	0	661	0	1	18693	5.3e-05	0.999999
248	K	1	660	0.001513	4	18690	0.000214	0.417464
248	I	7	654	0.01059	13	18681	0.000695	0
249	G	661	0	1	18694	0	1	NA
250	N	661	0	1	18694	0	1	NA
251	L	661	0	1	18694	0	1	NA
252	N	0	661	0	1	18693	5.3e-05	0.999999
252	I	661	0	1	18690	4	0.999786	0.999999
252	L	0	661	0	1	18693	5.3e-05	0.999999
252	V	0	661	0	2	18692	0.000107	0.999999
253	A	661	0	1	18693	1	0.999947	0.999999
253	G	0	661	0	1	18693	5.3e-05	0.999999
254	P	661	0	1	18694	0	1	NA
255	S	0	661	0	1	18693	5.3e-05	0.999999
255	K	0	661	0	2	18692	0.000107	0.999999
255	R	661	0	1	18691	3	0.99984	0.999999
256	G	661	0	1	18694	0	1	NA
257	H	0	661	0	2	18692	0.000107	0.999999
257	Y	661	0	1	18692	2	0.999893	0.999999
258	F	661	0	1	18693	1	0.999947	0.999999
258	Y	0	661	0	1	18693	5.3e-05	0.999999
259	R	0	661	0	36	18658	0.001926	0.502843
259	K	661	0	1	18657	37	0.998021	0.48902
259	E	0	661	0	1	18693	5.3e-05	0.999999
260	M	34	627	0.051437	272	18422	0.01455	0
260	I	626	35	0.94705	18385	309	0.983471	0
260	L	1	660	0.001513	23	18671	0.00123	0.999999
260	V	0	661	0	14	18680	0.000749	0.999999
261	H	1	660	0.001513	1	18693	5.3e-05	0.092792
261	Q	34	627	0.051437	1012	17682	0.054135	0.830577
261	P	0	661	0	1	18693	5.3e-05	0.999999
261	R	626	35	0.94705	17455	1239	0.933722	0.201164
261	L	0	661	0	225	18469	0.012036	0.007989
262	S	519	142	0.785174	18149	545	0.970846	0
262	T	95	566	0.143722	117	18577	0.006259	0
262	N	47	614	0.071104	398	18296	0.02129	0
262	K	0	661	0	2	18692	0.000107	0.999999
262	H	0	661	0	1	18693	5.3e-05	0.999999
262	R	0	661	0	17	18677	0.000909	0.914276
262	I	0	661	0	1	18693	5.3e-05	0.999999
262	G	0	661	0	9	18685	0.000481	0.999999
263	W	0	661	0	1	18693	5.3e-05	0.999999
263	R	1	660	0.001513	12	18682	0.000642	0.931787
263	G	660	1	0.998487	18675	19	0.998984	0.999999
263	E	0	661	0	6	18688	0.000321	0.999999
264	T	0	661	0	3	18691	0.00016	0.999999
264	N	0	661	0	3	18691	0.00016	0.999999
264	R	0	661	0	47	18647	0.002514	0.374194
264	K	661	0	1	18627	67	0.996416	0.228233
264	E	0	661	0	14	18680	0.000749	0.999999
265	S	661	0	1	18682	12	0.999358	0.999999
265	D	0	661	0	1	18693	5.3e-05	0.999999
265	N	0	661	0	1	18693	5.3e-05	0.999999
265	G	0	661	0	10	18684	0.000535	0.999999
266	S	661	0	1	18693	1	0.999947	0.999999
266	T	0	661	0	1	18693	5.3e-05	0.999999
267	T	1	660	0.001513	2	18692	0.000107	0.206277
267	M	0	661	0	4	18690	0.000214	0.999999
267	I	660	1	0.998487	18652	42	0.997753	0.999999
267	V	0	661	0	36	18658	0.001926	0.502843
268	M	659	2	0.996974	18673	21	0.998877	0.411747
268	I	2	659	0.003026	17	18677	0.000909	0.282084
268	L	0	661	0	2	18692	0.000107	0.999999
268	V	0	661	0	2	18692	0.000107	0.999999
269	S	0	661	0	1	18693	5.3e-05	0.999999
269	I	0	661	0	6	18688	0.000321	0.999999
269	K	9	652	0.013616	95	18599	0.005082	0.007387
269	R	652	9	0.986384	18589	105	0.994383	0.017187
269	G	0	661	0	3	18691	0.00016	0.999999
270	A	0	661	0	1	18693	5.3e-05	0.999999
270	S	661	0	1	18691	3	0.99984	0.999999
270	T	0	661	0	2	18692	0.000107	0.999999
271	N	2	659	0.003026	150	18544	0.008024	0.227603
271	D	659	2	0.996974	18542	152	0.991869	0.219003
271	G	0	661	0	1	18693	5.3e-05	0.999999
271	Y	0	661	0	1	18693	5.3e-05	0.999999
272	S	0	661	0	5	18689	0.000267	0.999999
272	A	659	2	0.996974	18666	28	0.998502	0.632413
272	T	2	659	0.003026	14	18680	0.000749	0.189129
272	V	0	661	0	9	18685	0.000481	0.999999
273	S	2	659	0.003026	126	18568	0.00674	0.360836
273	H	0	661	0	6	18688	0.000321	0.999999
273	T	0	661	0	6	18688	0.000321	0.999999
273	P	659	2	0.996974	18546	148	0.992083	0.236539
273	L	0	661	0	10	18684	0.000535	0.999999
274	S	0	661	0	1	18693	5.3e-05	0.999999
274	M	0	661	0	3	18691	0.00016	0.999999
274	T	0	661	0	1	18693	5.3e-05	0.999999
274	I	661	0	1	18680	14	0.999251	0.999999
274	L	0	661	0	4	18690	0.000214	0.999999
274	V	0	661	0	5	18689	0.000267	0.999999
275	S	2	659	0.003026	30	18664	0.001605	0.691639
275	D	16	645	0.024206	163	18531	0.008719	0.000103
275	G	643	18	0.972769	18494	200	0.989301	0.000162
275	V	0	661	0	7	18687	0.000374	0.999999
276	A	1	660	0.001513	0	18694	0	0.010315
276	S	0	661	0	1	18693	5.3e-05	0.999999
276	T	107	554	0.161876	131	18563	0.007008	0
276	N	62	599	0.093797	418	18276	0.02236	0
276	K	490	171	0.741301	18098	596	0.968118	0
276	E	0	661	0	4	18690	0.000214	0.999999
276	Q	0	661	0	2	18692	0.000107	0.999999
276	I	1	660	0.001513	2	18692	0.000107	0.206277
276	R	0	661	0	38	18656	0.002033	0.475688
277	C	661	0	1	18694	0	1	NA
278	S	121	540	0.183056	292	18402	0.01562	0
278	N	300	361	0.453858	6892	11802	0.368674	1e-05
278	K	229	432	0.346445	11438	7256	0.611854	0
278	E	0	661	0	4	18690	0.000214	0.999999
278	H	0	661	0	2	18692	0.000107	0.999999
278	Q	0	661	0	1	18693	5.3e-05	0.999999
278	M	0	661	0	6	18688	0.000321	0.999999
278	D	0	661	0	4	18690	0.000214	0.999999
278	R	0	661	0	16	18678	0.000856	0.949028
278	I	11	650	0.016641	39	18655	0.002086	0
279	A	0	661	0	3	18691	0.00016	0.999999
279	F	0	661	0	10	18684	0.000535	0.999999
279	S	650	11	0.983359	18666	28	0.998502	0
279	T	0	661	0	1	18693	5.3e-05	0.999999
279	Y	11	650	0.016641	14	18680	0.000749	0
280	S	0	661	0	5	18689	0.000267	0.999999
280	A	30	631	0.045386	1162	17532	0.062159	0.092839
280	T	6	655	0.009077	46	18648	0.002461	0.004407
280	D	0	661	0	2	18692	0.000107	0.999999
280	K	3	658	0.004539	19	18675	0.001016	0.039982
280	G	7	654	0.01059	37	18657	0.001979	3.2e-05
280	E	615	46	0.930408	17422	1272	0.931957	0.938827
280	V	0	661	0	1	18693	5.3e-05	0.999999
281	C	661	0	1	18693	1	0.999947	0.999999
281	R	0	661	0	1	18693	5.3e-05	0.999999
282	T	0	661	0	3	18691	0.00016	0.999999
282	I	661	0	1	18686	8	0.999572	0.999999
282	V	0	661	0	5	18689	0.000267	0.999999
283	A	1	660	0.001513	0	18694	0	0.010315
283	S	0	661	0	2	18692	0.000107	0.999999
283	T	660	1	0.998487	18692	2	0.999893	0.206277
284	Q	0	661	0	8	18686	0.000428	0.999999
284	P	661	0	1	18686	8	0.999572	0.999999
285	S	0	661	0	2	18692	0.000107	0.999999
285	D	0	661	0	4	18690	0.000214	0.999999
285	N	661	0	1	18688	6	0.999679	0.999999
286	G	661	0	1	18693	1	0.999947	0.999999
286	V	0	661	0	1	18693	5.3e-05	0.999999
287	S	661	0	1	18692	2	0.999893	0.999999
287	N	0	661	0	2	18692	0.000107	0.999999
288	T	0	661	0	1	18693	5.3e-05	0.999999
288	I	661	0	1	18684	10	0.999465	0.999999
288	L	0	661	0	2	18692	0.000107	0.999999
288	V	0	661	0	7	18687	0.000374	0.999999
289	A	0	661	0	2	18692	0.000107	0.999999
289	S	0	661	0	35	18659	0.001872	0.517181
289	T	0	661	0	3	18691	0.00016	0.999999
289	P	661	0	1	18649	45	0.997593	0.394212
289	L	0	661	0	5	18689	0.000267	0.999999
290	H	0	661	0	1	18693	5.3e-05	0.999999
290	S	0	661	0	10	18684	0.000535	0.999999
290	T	1	660	0.001513	3	18691	0.00016	0.317049
290	D	0	661	0	1	18693	5.3e-05	0.999999
290	N	660	1	0.998487	18677	17	0.999091	0.999999
290	Y	0	661	0	2	18692	0.000107	0.999999
291	N	0	661	0	17	18677	0.000909	0.914276
291	D	659	2	0.996974	18595	99	0.994704	0.60205
291	G	2	659	0.003026	58	18636	0.003103	0.999999
291	Y	0	661	0	2	18692	0.000107	0.999999
291	E	0	661	0	22	18672	0.001177	0.767838
292	Q	0	661	0	1	18693	5.3e-05	0.999999
292	R	0	661	0	20	18674	0.00107	0.821622
292	K	661	0	1	18673	21	0.998877	0.794025
293	S	1	660	0.001513	0	18694	0	0.010315
293	T	0	661	0	1	18693	5.3e-05	0.999999
293	P	660	1	0.998487	18693	1	0.999947	0.092792
294	F	661	0	1	18693	1	0.999947	0.999999
294	L	0	661	0	1	18693	5.3e-05	0.999999
295	Q	661	0	1	18693	1	0.999947	0.999999
295	P	0	661	0	1	18693	5.3e-05	0.999999
296	H	0	661	0	1	18693	5.3e-05	0.999999
296	S	0	661	0	3	18691	0.00016	0.999999
296	D	0	661	0	1	18693	5.3e-05	0.999999
296	N	661	0	1	18689	5	0.999733	0.999999
297	I	4	657	0.006051	16	18678	0.000856	0.00052
297	L	0	661	0	1	18693	5.3e-05	0.999999
297	V	657	4	0.993949	18677	17	0.999091	0.000821
298	D	0	661	0	1	18693	5.3e-05	0.999999
298	N	661	0	1	18692	2	0.999893	0.999999
298	Y	0	661	0	1	18693	5.3e-05	0.999999
299	K	63	598	0.09531	113	18581	0.006045	0
299	R	598	63	0.90469	18580	114	0.993902	0
299	G	0	661	0	1	18693	5.3e-05	0.999999
300	T	0	661	0	6	18688	0.000321	0.999999
300	N	0	661	0	2	18692	0.000107	0.999999
300	I	661	0	1	18650	44	0.997646	0.404716
300	V	0	661	0	36	18658	0.001926	0.502843
301	A	0	661	0	5	18689	0.000267	0.999999
301	T	661	0	1	18689	5	0.999733	0.999999
302	H	0	661	0	1	18693	5.3e-05	0.999999
302	Y	661	0	1	18693	1	0.999947	0.999999
303	R	0	661	0	1	18693	5.3e-05	0.999999
303	G	661	0	1	18693	1	0.999947	0.999999
304	S	0	661	0	1	18693	5.3e-05	0.999999
304	A	655	6	0.990923	18493	201	0.989248	0.826604
304	T	0	661	0	100	18594	0.005349	0.10756
304	D	0	661	0	4	18690	0.000214	0.999999
304	P	6	655	0.009077	78	18616	0.004172	0.113145
304	L	0	661	0	7	18687	0.000374	0.999999
304	V	0	661	0	11	18683	0.000588	0.999999
305	F	1	660	0.001513	0	18694	0	0.010315
305	C	660	1	0.998487	18694	0	1	0.010315
306	S	0	661	0	4	18690	0.000214	0.999999
306	P	661	0	1	18690	4	0.999786	0.999999
307	I	0	661	0	3	18691	0.00016	0.999999
307	K	24	637	0.036309	71	18623	0.003798	0
307	R	637	24	0.963691	18620	74	0.996042	0
308	F	0	661	0	4	18690	0.000214	0.999999
308	H	0	661	0	2	18692	0.000107	0.999999
308	Y	661	0	1	18688	6	0.999679	0.999999
309	I	5	656	0.007564	74	18620	0.003958	0.263304
309	V	656	5	0.992436	18620	74	0.996042	0.263304
310	N	4	657	0.006051	1	18693	5.3e-05	0
310	R	0	661	0	11	18683	0.000588	0.999999
310	K	657	4	0.993949	18682	12	0.999358	4.7e-05
311	H	69	592	0.104387	5803	12891	0.31042	0
311	Q	592	69	0.895613	12887	5807	0.689366	0
311	P	0	661	0	1	18693	5.3e-05	0.999999
311	L	0	661	0	3	18691	0.00016	0.999999
312	S	265	396	0.400908	12374	6320	0.661924	0
312	T	2	659	0.003026	7	18687	0.000374	0.028566
312	N	388	273	0.586989	6252	12442	0.334439	0
312	K	1	660	0.001513	21	18673	0.001123	0.999999
312	H	3	658	0.004539	0	18694	0	0
312	D	1	660	0.001513	4	18690	0.000214	0.417464
312	R	1	660	0.001513	32	18662	0.001712	0.999999
312	G	0	661	0	4	18690	0.000214	0.999999
313	A	0	661	0	1	18693	5.3e-05	0.999999
313	T	661	0	1	18687	7	0.999626	0.999999
313	N	0	661	0	4	18690	0.000214	0.999999
313	P	0	661	0	2	18692	0.000107	0.999999
314	L	661	0	1	18693	1	0.999947	0.999999
314	V	0	661	0	1	18693	5.3e-05	0.999999
315	N	0	661	0	1	18693	5.3e-05	0.999999
315	R	0	661	0	4	18690	0.000214	0.999999
315	K	661	0	1	18689	5	0.999733	0.999999
316	M	0	661	0	1	18693	5.3e-05	0.999999
316	W	0	661	0	1	18693	5.3e-05	0.999999
316	L	661	0	1	18692	2	0.999893	0.999999
317	S	0	661	0	1	18693	5.3e-05	0.999999
317	A	661	0	1	18693	1	0.999947	0.999999
318	T	661	0	1	18691	3	0.99984	0.999999
318	I	0	661	0	2	18692	0.000107	0.999999
318	P	0	661	0	1	18693	5.3e-05	0.999999
319	G	661	0	1	18694	0	1	NA
320	M	661	0	1	18694	0	1	NA
321	R	661	0	1	18693	1	0.999947	0.999999
321	L	0	661	0	1	18693	5.3e-05	0.999999
322	N	661	0	1	18694	0	1	NA
323	A	0	661	0	4	18690	0.000214	0.999999
323	I	4	657	0.006051	51	18643	0.002728	0.22793
323	L	0	661	0	5	18689	0.000267	0.999999
323	V	657	4	0.993949	18634	60	0.99679	0.36489
324	Q	1	660	0.001513	5	18689	0.000267	0.50706
324	R	0	661	0	1	18693	5.3e-05	0.999999
324	P	660	1	0.998487	18687	7	0.999626	0.658794
324	L	0	661	0	1	18693	5.3e-05	0.999999
325	A	0	661	0	1	18693	5.3e-05	0.999999
325	Q	0	661	0	1	18693	5.3e-05	0.999999
325	D	0	661	0	5	18689	0.000267	0.999999
325	G	0	661	0	3	18691	0.00016	0.999999
325	E	661	0	1	18683	11	0.999412	0.999999
325	V	0	661	0	1	18693	5.3e-05	0.999999
326	T	0	661	0	57	18637	0.003049	0.290704
326	N	0	661	0	2	18692	0.000107	0.999999
326	R	33	628	0.049924	951	17743	0.050872	0.984912
326	K	628	33	0.950076	17684	1010	0.945972	0.710212
327	H	0	661	0	2	18692	0.000107	0.999999
327	Q	659	2	0.996974	18681	13	0.999305	0.160092
327	K	2	659	0.003026	4	18690	0.000214	0.003595
327	R	0	661	0	5	18689	0.000267	0.999999
327	L	0	661	0	1	18693	5.3e-05	0.999999
327	E	0	661	0	1	18693	5.3e-05	0.999999
328	S	0	661	0	1	18693	5.3e-05	0.999999
328	A	1	660	0.001513	14	18680	0.000749	0.999999
328	T	660	1	0.998487	18672	22	0.998823	0.999999
328	N	0	661	0	3	18691	0.00016	0.999999
328	I	0	661	0	4	18690	0.000214	0.999999
329	I	0	661	0	1	18693	5.3e-05	0.999999
329	K	0	661	0	14	18680	0.000749	0.999999
329	R	661	0	1	18679	15	0.999198	0.986076
